# timestamp x y z qx qy qz qw
2624,936000 -0,001929 -0,012157 0,100000 0,000002 0,000333 -0,004709 0,999989
2659,419000 0,010762 -0,011150 0,100007 0,000028 0,000254 -0,109452 0,993992
2660,469000 0,023527 -0,010119 0,100387 0,000118 0,000185 -0,220574 0,975370
2661,469000 0,036230 -0,009086 0,100391 0,000162 0,000144 -0,323960 0,946071
2662,519000 0,048936 -0,008058 0,100393 0,000243 0,000191 -0,428423 0,903578
2663,569000 0,061625 -0,007011 0,100392 0,000299 0,000176 -0,527495 0,849558
2664,619000 0,044633 -0,023132 0,100281 0,000241 0,000300 -0,617232 0,786781
2665,669000 0,027641 -0,039251 0,100275 0,000258 0,000258 -0,699550 0,714583
2666,769000 0,010652 -0,055340 0,100267 0,000266 0,000212 -0,776822 0,629720
2667,769000 0,011184 -0,056601 0,100286 0,000289 0,000178 -0,857248 0,514903
2668,819000 0,011733 -0,057790 0,100293 -0,000333 -0,000137 0,926389 -0,376569
2669,819000 0,012301 -0,058987 0,100297 -0,000354 -0,000086 0,971629 -0,236509
2670,919000 0,012830 -0,060174 0,100300 -0,000390 -0,000028 0,997063 -0,076584
2671,969000 -0,084091 -0,054067 0,100445 -0,000347 0,000110 0,999605 0,028112
2672,969000 -0,535494 -0,009111 0,100524 -0,000419 0,000067 0,997038 0,076904
2674,019000 -1,044670 0,066256 0,100467 -0,000407 0,000031 0,998079 0,061960
2675,019000 -1,534327 0,115210 0,100450 -0,000402 0,000054 0,999153 0,041150
2676,019000 -2,023712 0,149492 0,100468 -0,000408 0,000064 0,999802 0,019881
2677,070000 -2,546256 0,159976 0,100335 -0,000357 0,000011 1,000000 -0,000010
2678,119000 -3,060037 0,156167 0,100342 -0,000399 0,000049 0,999987 -0,005003
2679,169000 -3,580522 0,150303 0,099790 -0,000301 -0,000008 0,999984 -0,005619
2680,169000 -4,076308 0,143414 0,099803 -0,000399 -0,000009 0,999980 -0,006278
2681,170000 -4,571034 0,136451 0,100258 -0,000405 0,000037 0,999972 -0,007464
2682,170000 -5,063046 0,133104 0,100158 -0,000337 -0,000016 0,999965 -0,008418
2683,270000 -5,603179 0,122430 0,099484 -0,000405 -0,000036 0,999926 -0,012170
2684,270000 -6,093795 0,105363 0,099452 -0,000311 -0,000046 0,999873 -0,015953
2685,321000 -6,609440 0,083985 0,099451 -0,000410 -0,000050 0,999815 -0,019253
2686,420000 -7,148616 0,058477 0,099432 -0,000406 -0,000046 0,999755 -0,022143
2687,470000 -7,663504 0,031438 0,099401 -0,000274 -0,000046 0,999700 -0,024499
2688,520000 -8,178311 0,002329 0,099396 -0,000403 -0,000050 0,999639 -0,026853
2689,570000 -8,692962 -0,028712 0,099377 -0,000198 -0,000037 0,999593 -0,028534
2690,620000 -9,207616 -0,061059 0,099349 -0,000361 -0,000056 0,999557 -0,029755
2691,620000 -9,697547 -0,092569 0,099348 -0,000414 -0,000052 0,999535 -0,030487
2692,620000 -10,187439 -0,124664 0,099318 -0,000354 -0,000047 0,999508 -0,031376
2693,620000 -10,677342 -0,156872 0,099311 -0,000401 -0,000061 0,999520 -0,030966
2694,670000 -11,191875 -0,190040 0,099292 -0,000217 -0,000036 0,999525 -0,030819
2695,720000 -11,706495 -0,222754 0,099264 -0,000359 -0,000056 0,999547 -0,030093
2696,770000 -12,221153 -0,254074 0,099261 -0,000410 -0,000053 0,999584 -0,028826
2697,820000 -12,735902 -0,283779 0,099239 -0,000394 -0,000046 0,999629 -0,027241
2698,871000 -13,251256 -0,311566 0,099213 -0,000368 -0,000049 0,999668 -0,025753
2699,871000 -13,741575 -0,335894 0,099209 -0,000403 -0,000044 0,999731 -0,023208
2700,971000 -14,281306 -0,359388 0,099182 -0,000138 -0,000035 0,999791 -0,020455
2701,971000 -14,771906 -0,377701 0,099169 -0,000392 -0,000051 0,999852 -0,017214
2703,021000 -15,287230 -0,393381 0,099158 -0,000412 -0,000044 0,999905 -0,013753
2704,071000 -15,802652 -0,404974 0,099127 -0,000366 -0,000040 0,999953 -0,009678
2705,121000 -16,318151 -0,412252 0,099118 -0,000395 -0,000053 0,999982 -0,005948
2706,171000 -16,833681 -0,414987 0,099103 -0,000401 -0,000042 0,999999 -0,001333
2707,171000 -17,324530 -0,412591 0,099075 -0,000324 -0,000041 0,999993 0,003760
2708,221000 -17,839972 -0,404544 0,099072 -0,000413 -0,000037 0,999959 0,009047
2709,271000 -18,355270 -0,390675 0,099048 -0,000394 -0,000030 0,999891 0,014764
2710,321000 -18,870365 -0,370798 0,099023 -0,000369 -0,000035 0,999796 0,020207
2711,371000 -19,385160 -0,344599 0,099018 -0,000410 -0,000024 0,999642 0,026743
2712,371000 -19,874908 -0,313065 0,098990 -0,000234 -0,000023 0,999450 0,033170
2713,472000 -20,413874 -0,270824 0,098975 -0,000384 -0,000029 0,999196 0,040081
2714,474000 -20,903515 -0,225715 0,098967 -0,000413 -0,000019 0,998896 0,046980
2715,525000 -21,441668 -0,124146 0,098800 -0,000150 0,000033 0,999051 0,043563
2716,525000 -21,955490 -0,032590 0,098779 -0,000420 0,000040 0,999219 0,039519
2717,576000 -22,495436 0,044001 0,098741 -0,000410 0,000041 0,999735 0,023010
2718,576000 -23,010727 0,090064 0,098704 -0,000396 0,000014 0,999977 -0,006805
2719,626000 -23,536850 0,079107 0,098633 -0,000413 0,000013 0,999939 -0,011074
2720,626000 -24,030853 0,070067 0,098598 -0,000111 0,000043 0,999911 -0,013322
2721,627000 -24,525284 0,056184 0,098614 -0,000383 0,000024 0,999868 -0,016273
2722,727000 -25,062077 0,067038 0,098550 -0,000407 0,000002 0,999801 -0,019955
2723,777000 -25,579966 0,030079 0,098500 -0,000412 0,000002 0,999837 -0,018040
2724,827000 -26,100250 0,009908 0,098455 -0,000409 0,000023 0,999843 -0,017738
2725,877000 -26,618986 -0,019970 0,098398 -0,000382 -0,000022 0,999888 -0,014967
2726,977000 -27,162214 -0,031423 0,098482 -0,000366 -0,000006 0,999896 -0,014414
2728,027000 -27,298037 -0,030846 0,098488 -0,000429 0,000004 0,999879 0,015534
2729,128000 -27,298615 -0,026344 0,098485 -0,000414 0,000046 0,991312 0,131533
2730,178000 -27,300615 -0,025423 0,098526 -0,000411 0,000078 0,970611 0,240655
2731,229000 -27,296288 -0,020234 0,098606 -0,000371 0,000165 0,938052 0,346493
2732,229000 -27,309523 -0,025905 0,098556 -0,000239 0,000102 0,886623 0,462494
2733,279000 -27,306980 -0,025266 0,098376 -0,000025 -0,000192 0,804791 0,593558
2734,329000 -27,304424 -0,024651 0,098381 0,000058 -0,000088 0,703707 0,710490
2735,329000 -27,300207 -0,027263 0,098689 -0,000222 0,000292 0,590702 0,806890
2736,379000 -27,305843 -0,027088 0,098590 -0,000223 0,000350 0,458356 0,888769
2737,380000 -27,311552 -0,026799 0,098587 -0,000166 0,000354 0,322026 0,946731
2738,430000 -27,317270 -0,026504 0,098582 -0,000104 0,000341 0,171528 0,985179
2739,430000 -27,311779 -0,037509 0,098704 -0,000056 0,000910 0,026273 0,999654
2743,830000 -26,930086 -0,018492 0,098261 -0,000030 0,000229 0,054270 0,998526
2744,880000 -26,420029 0,039493 0,095294 -0,000031 0,000110 0,048547 0,998821
2745,880000 -25,930305 0,076897 0,095511 -0,000048 0,000180 0,028927 0,999582
2746,980000 -25,390295 0,097297 0,095731 -0,000051 0,000104 0,015682 0,999877
2747,980000 -24,898945 0,110798 0,095948 -0,000025 0,000146 0,013958 0,999903
2748,980000 -24,407541 0,123002 0,096155 -0,000045 0,000113 0,012951 0,999916
2750,080000 -23,866777 0,135295 0,096377 -0,000034 0,000114 0,011924 0,999929
2751,130000 -23,350655 0,146075 0,096606 -0,000021 0,000176 0,011075 0,999939
2752,180000 -22,834524 0,156116 0,096824 -0,000036 0,000173 0,010166 0,999948
2753,280000 -22,293739 0,165954 0,097048 -0,000035 0,000029 0,009352 0,999956
2754,280000 -21,802235 0,174323 0,097267 -0,000034 0,000113 0,008910 0,999960
2755,380000 -21,261395 0,183125 0,097497 -0,000042 0,000081 0,008636 0,999963
2756,380000 -20,769875 0,190768 0,097697 -0,000021 0,000146 0,008439 0,999964
2757,480000 -20,229027 0,199118 0,097938 -0,000028 0,000177 0,008305 0,999965
2758,530000 -19,712864 0,207075 0,098154 -0,000039 0,000171 0,008170 0,999967
2759,530000 -19,221359 0,214777 0,098360 -0,000018 0,000153 0,008194 0,999966
2760,580000 -18,705206 0,223137 0,098587 -0,000037 0,000081 0,008469 0,999964
2761,630000 -18,189053 0,231865 0,098797 -0,000047 -0,000021 0,009038 0,999959
2762,731000 -17,647713 0,241579 0,099024 -0,000011 0,000143 0,009530 0,999955
2763,831000 -17,106905 0,252011 0,099266 -0,000022 0,000180 0,010191 0,999948
2764,881000 -16,950943 0,254964 0,099322 -0,000054 0,000100 0,010911 0,999941
2765,881000 -16,947819 0,254028 0,099325 0,000019 0,000096 -0,091614 0,995795
2766,931000 -16,943623 0,251531 0,099328 0,000096 0,000031 -0,218846 0,975759
2768,031000 -16,945509 0,250966 0,099334 0,000208 0,000137 -0,373026 0,927821
2769,081000 -16,938053 0,257987 0,098860 0,000219 0,000268 -0,513180 0,858281
2770,081000 -16,930597 0,264983 0,098862 0,000268 0,000246 -0,635052 0,772470
2771,081000 -16,923052 0,269164 0,098861 0,000048 -0,000031 -0,697969 0,716128
2772,081000 -16,901566 -0,072542 0,098872 -0,000235 -0,000328 -0,684087 0,729401
2773,081000 -16,862185 -0,554777 0,098894 0,000290 0,000210 -0,687981 0,725729
2774,081000 -16,849072 -1,046543 0,099151 0,000231 0,000212 -0,701476 0,712693
2775,081000 -16,849657 -1,538843 0,099183 0,000278 0,000240 -0,704524 0,709680
2776,081000 -16,850840 -2,031176 0,099193 0,000248 0,000196 -0,704457 0,709747
2777,132000 -16,850653 -2,548669 0,099230 0,000274 0,000243 -0,703532 0,710663
2778,133000 -16,851881 -3,041693 0,099250 0,000227 0,000160 -0,701416 0,712752
2779,233000 -16,834213 -3,589484 0,099257 0,000292 0,000242 -0,702536 0,711648
2780,283000 -16,819002 -4,110702 0,099266 0,000269 0,000232 -0,703714 0,710483
2781,333000 -16,816708 -4,628429 0,099274 0,000259 0,000216 -0,703852 0,710346
2782,434000 -16,807394 -5,171894 0,099646 0,000261 0,000222 -0,704814 0,709392
2783,434000 -16,804930 -5,661526 0,099449 0,000371 0,000336 -0,705032 0,709175
2784,484000 -16,803480 -6,175808 0,099335 0,000270 0,000216 -0,705567 0,708644
2785,535000 -16,814922 -6,690437 0,099362 0,000295 0,000245 -0,703303 0,710890
2786,536000 -16,795576 -7,187654 0,099747 0,000289 0,000232 -0,704435 0,709768
2787,585000 -16,793472 -7,707827 0,099319 0,000184 0,000130 -0,704461 0,709742
2788,585000 -16,791410 -8,203819 0,099363 0,000266 0,000236 -0,704473 0,709731
2789,585000 -16,786707 -8,695580 0,099418 0,000226 0,000176 -0,704828 0,709378
2790,686000 -16,784576 -9,238765 0,099408 0,000293 0,000246 -0,704260 0,709942
2791,736000 -16,781767 -9,756270 0,099415 0,000268 0,000233 -0,704352 0,709851
2792,786000 -16,773987 -10,274390 0,099434 0,000268 0,000219 -0,704679 0,709526
2793,836000 -16,769697 -10,794086 0,099434 0,000286 0,000240 -0,705031 0,709177
2794,836000 -16,775356 -11,287516 0,099445 0,000236 0,000191 -0,703667 0,710530
2795,886000 -16,774685 -11,643372 0,099343 0,000257 0,000185 -0,702735 0,711451
2796,886000 -16,777357 -11,646176 0,099343 0,000212 0,000218 -0,595575 0,803300
2797,936000 -16,780005 -11,648895 0,099341 0,000153 0,000246 -0,462129 0,886813
2798,986000 -16,810177 -11,681925 0,099358 0,000027 0,000336 -0,313112 0,949716
2800,036000 -16,806974 -11,675002 0,099528 0,000093 0,000238 -0,171899 0,985115
2801,086000 -16,808195 -11,667451 0,099526 0,000008 0,000212 -0,044375 0,999015
2802,186000 -16,806599 -11,661225 0,099530 -0,000049 0,000169 0,080658 0,996742
2803,186000 -16,801420 -11,655066 0,099533 -0,000105 0,000224 0,184147 0,982899
2804,186000 -16,796284 -11,648910 0,099538 -0,000132 0,000197 0,285683 0,958324
2805,186000 -16,791149 -11,642744 0,099539 -0,000196 0,000259 0,384139 0,923275
2806,236000 -16,786030 -11,636592 0,099538 -0,000238 0,000244 0,483074 0,875580
2807,236000 -16,780907 -11,630440 0,099534 -0,000271 0,000223 0,571815 0,820383
2808,236000 -16,775780 -11,624286 0,099528 -0,000297 0,000196 0,654289 0,756244
2809,286000 -16,770533 -11,614947 0,099524 -0,000158 0,000012 0,721793 0,692109
2810,286000 -16,781746 -11,391187 0,099527 0,000173 -0,000307 0,745635 0,666354
2811,286000 -16,846851 -10,913960 0,099583 0,000192 -0,000300 0,760091 0,649817
2812,286000 -16,908297 -10,426613 0,099393 -0,000263 0,000250 0,750311 0,661084
2813,336000 -16,964689 -9,907609 0,099386 -0,000277 0,000282 0,737911 0,674898
2814,386000 -17,000675 -9,390603 0,099092 -0,000297 0,000235 0,723990 0,689811
2815,436000 -17,015188 -8,871750 0,099083 -0,000277 0,000212 0,711000 0,703192
2816,436000 -17,016973 -8,376987 0,099086 -0,000304 0,000261 0,708147 0,706065
2817,486000 -17,017210 -7,857543 0,099070 -0,000236 0,000185 0,707563 0,706650
2818,486000 -17,016953 -7,362792 0,099074 -0,000174 0,000104 0,707267 0,706946
2819,536000 -17,016291 -6,843323 0,099066 -0,000271 0,000212 0,707067 0,707146
2820,586000 -17,015444 -6,323864 0,099053 -0,000267 0,000217 0,707055 0,707159
2821,586000 -17,014626 -5,829089 0,099062 -0,000310 0,000258 0,706977 0,707237
2822,636000 -17,013943 -5,309651 0,099043 -0,000216 0,000191 0,706967 0,707247
2823,686000 -17,013514 -4,790193 0,099045 -0,000261 0,000194 0,707142 0,707072
2824,736000 -17,013496 -4,270743 0,099048 -0,000251 0,000198 0,707450 0,706763
2825,786000 -17,014076 -3,751301 0,099027 -0,000170 0,000125 0,707994 0,706218
2826,786000 -17,015240 -3,256494 0,099033 -0,000306 0,000251 0,708420 0,705791
2827,886000 -17,017502 -2,712384 0,099029 -0,000275 0,000231 0,708877 0,705332
2828,886000 -17,020536 -2,217596 0,099013 -0,000278 0,000221 0,709640 0,704565
2829,986000 -17,025246 -1,673470 0,099016 -0,000312 0,000237 0,710452 0,703745
2831,036000 -17,031071 -1,154046 0,099015 -0,000288 0,000236 0,711420 0,702767
2832,086000 -17,034142 -0,630372 0,098883 -0,000265 0,000200 0,711578 0,702607
2833,086000 -17,037025 -0,131367 0,098897 -0,000312 0,000248 0,711609 0,702576
2834,136000 -17,041168 0,392231 0,098889 -0,000051 0,000008 0,712066 0,702113
2835,136000 -17,046677 0,891242 0,098890 -0,000266 0,000194 0,713405 0,700752
2836,186000 -17,055407 1,414819 0,098892 -0,000281 0,000223 0,715198 0,698922
2837,186000 -17,131140 1,864391 0,098983 -0,000267 0,000221 0,705200 0,709008
2838,186000 -17,122562 2,358725 0,098978 -0,000310 0,000267 0,703423 0,710771
2839,186000 -17,113485 2,856863 0,098963 -0,000312 0,000231 0,703293 0,710900
2840,236000 -17,110193 3,379587 0,098932 -0,000277 0,000239 0,702911 0,711278
2841,286000 -17,100554 3,898559 0,098911 -0,000315 0,000264 0,703640 0,710557
2842,286000 -17,092218 4,392467 0,098903 -0,000266 0,000217 0,704426 0,709777
2843,336000 -17,085367 4,908930 0,098893 -0,000271 0,000224 0,705040 0,709167
2844,336000 -17,075340 5,398837 0,098912 -0,000314 0,000253 0,706469 0,707744
2845,336000 -17,067036 5,886220 0,098908 -0,000255 0,000211 0,708282 0,705929
2846,336000 -17,043165 6,366383 0,098967 -0,000290 0,000280 0,713911 0,700236
2847,386000 -17,061430 6,884347 0,098806 -0,000257 0,000234 0,715356 0,698760
2848,386000 -17,083328 7,377521 0,098824 -0,000289 0,000262 0,716838 0,697240
2849,436000 -17,105944 7,895363 0,098826 -0,000275 0,000253 0,716749 0,697332
2850,436000 -17,125809 8,388559 0,098825 -0,000085 0,000042 0,715206 0,698914
2851,536000 -17,142265 8,931262 0,098838 -0,000298 0,000258 0,712280 0,701896
2852,536000 -17,146143 9,413978 0,098473 -0,000196 0,000208 0,710531 0,703666
2853,587000 -17,145008 9,921914 0,098515 -0,000247 0,000237 0,708773 0,705437
2854,638000 -17,142176 10,429839 0,098555 -0,000248 0,000262 0,707505 0,706708
2855,738000 -17,138474 10,961932 0,098581 -0,000098 0,000128 0,706864 0,707350
2856,738000 -17,134882 11,444709 0,098626 -0,000182 0,000174 0,706921 0,707293
2857,788000 -17,131821 11,736432 0,098649 -0,000247 0,000238 0,708316 0,705896
2858,788000 -17,128538 11,722993 0,098648 -0,000230 0,000244 0,669617 0,742706
2859,839000 -17,126589 11,706013 0,098645 -0,000193 0,000258 0,569154 0,822231
2860,939000 -17,125555 11,690542 0,098640 -0,000160 0,000291 0,448967 0,893548
2861,989000 -17,122139 11,679776 0,098642 -0,000085 0,000331 0,306676 0,951814
2863,039000 -17,118742 11,669011 0,098641 -0,000007 0,000359 0,157162 0,987573
2864,089000 -17,112738 11,658476 0,098640 0,000057 -0,000236 0,015359 0,999882
2865,139000 -16,913460 11,652320 0,098644 0,000013 -0,000354 0,012610 0,999920
2866,189000 -16,407698 11,659560 0,098643 0,000047 0,000369 0,017040 0,999855
2867,289000 -15,861919 11,670033 0,098641 0,000048 0,000292 0,018562 0,999828
2868,341000 -15,340072 11,686945 0,098638 -0,000003 0,000360 0,026704 0,999643
2869,390000 -14,840313 11,744583 0,098744 -0,000033 0,000338 0,023331 0,999728
2870,390000 -14,364392 11,794160 0,098784 -0,000035 0,000332 0,019781 0,999804
2871,440000 -13,859929 11,837452 0,098807 -0,000013 0,000354 0,012471 0,999922
2872,440000 -13,363023 11,851242 0,099519 0,000037 0,000273 0,012549 0,999921
2873,490000 -12,841437 11,865396 0,099517 -0,000018 0,000293 0,012426 0,999923
2874,490000 -12,367462 11,877981 0,099669 0,000026 -0,000529 0,012077 0,999927
2875,490000 -12,360193 11,879369 0,099518 0,000041 0,000369 -0,057336 0,998355
2876,540000 -12,356711 11,880691 0,099509 0,000067 0,000324 -0,168625 0,985680
2877,590000 -12,358835 11,884898 0,099513 0,000094 0,000320 -0,295143 0,955453
2878,641000 -12,357058 11,887543 0,099516 0,000152 0,000335 -0,432182 0,901786
2879,740000 -12,353542 11,888865 0,099522 0,000214 0,000314 -0,573065 0,819510
2880,790000 -12,350034 11,890170 0,099525 0,000275 0,000285 -0,693479 0,720476
2881,840000 -12,348845 11,776166 0,099516 -0,000260 -0,000253 -0,719164 0,694841
2882,890000 -12,389127 11,295646 0,099513 0,000285 0,000263 -0,745025 0,667037
2883,890000 -12,433402 10,806483 0,099497 0,000268 0,000244 -0,735355 0,677682
2884,890000 -12,463004 10,316050 0,099502 0,000292 0,000280 -0,723467 0,690359
2885,941000 -12,477516 9,799383 0,099481 0,000247 0,000256 -0,711560 0,702625
2886,941000 -12,491104 9,300668 0,097976 -0,000002 -0,000024 -0,709793 0,704410
2887,991000 -12,506789 8,777289 0,098392 -0,000006 -0,000020 -0,710706 0,703489
2889,041000 -12,521056 8,253905 0,098788 -0,000155 -0,000181 -0,709873 0,704329
2890,091000 -12,531744 7,730499 0,099227 0,000005 -0,000019 -0,707319 0,706895
2891,091000 -12,530665 7,235827 0,099292 0,000165 0,000169 -0,706007 0,708205
2892,141000 -12,525251 6,716437 0,099323 0,000237 0,000220 -0,704551 0,709653
2893,241000 -12,517848 6,172416 0,099370 0,000253 0,000251 -0,703030 0,711161
2894,341000 -12,508779 5,628419 0,099404 0,000247 0,000245 -0,702326 0,711855
2895,341000 -12,499809 5,133769 0,099431 0,000233 0,000216 -0,701605 0,712566
2896,391000 -12,489878 4,614474 0,099478 0,000259 0,000253 -0,701283 0,712883
2897,417000 -12,479914 4,107048 0,099502 0,000184 0,000190 -0,701263 0,712903
2898,517000 -12,469482 3,563059 0,099536 0,000241 0,000212 -0,700975 0,713185
2899,542000 -12,460097 3,056088 0,099583 0,000252 0,000255 -0,701704 0,712469
2900,642000 -12,451397 2,512108 0,099612 0,000185 0,000186 -0,702343 0,711838
2901,642000 -12,444472 2,017433 0,099648 0,000250 0,000233 -0,703183 0,711009
2902,642000 -12,409575 1,521856 0,099363 0,000314 0,000257 -0,703923 0,710277
2903,642000 -12,376952 1,026257 0,099337 0,000290 0,000217 -0,704604 0,709601
2904,718000 -12,337615 0,492654 0,099340 0,000236 0,000268 -0,715869 0,698234
2905,817000 -12,341853 0,041036 0,099436 0,000102 0,000032 -0,721014 0,692920
2906,868000 -12,334230 0,046415 0,099407 0,000256 0,000190 -0,659102 0,752054
2907,918000 -12,354436 0,038829 0,099491 0,000187 0,000294 -0,552858 0,833276
2908,968000 -12,373023 0,031973 0,099493 0,000129 0,000257 -0,436771 0,899573
2910,018000 -12,390272 0,026183 0,099494 0,000102 0,000281 -0,312844 0,949804
2911,018000 -12,406820 0,021910 0,099492 0,000048 0,000171 -0,189364 0,981907
2912,068000 -12,422464 0,019043 0,099488 0,000037 0,000295 -0,056683 0,998392
2914,118000 -12,024570 0,004540 0,099494 -0,000006 -0,000382 -0,027321 0,999627
2915,168000 -11,515758 -0,019598 0,099573 -0,000137 -0,000416 -0,019802 0,999804
2916,218000 -11,001385 -0,022573 0,099490 -0,000036 0,000336 -0,004014 0,999992
2917,218000 -10,511504 -0,020239 0,099529 0,000003 0,000342 -0,004007 0,999992
2918,318000 -9,967784 -0,023974 0,099551 0,000025 0,000350 -0,004462 0,999990
2919,368000 -9,449014 -0,028055 0,099581 0,000008 0,000327 -0,004522 0,999990
2920,369000 -8,952496 -0,030878 0,099596 -0,000016 0,000352 -0,004945 0,999988
2921,419000 -8,436563 -0,035737 0,099635 0,000008 0,000296 -0,005080 0,999987
2922,419000 -7,944868 -0,052353 0,099646 -0,000027 0,000344 -0,002206 0,999997
2923,470000 -7,422111 -0,043373 0,099683 -0,000006 0,000356 -0,004036 0,999992
2924,569000 -6,880113 -0,046693 0,099679 -0,000024 0,000328 -0,004306 0,999991
2925,619000 -6,361573 -0,050370 0,099724 0,000027 0,000310 -0,004439 0,999990
2926,619000 -5,867703 -0,053744 0,099792 0,000027 0,000249 -0,004301 0,999991
2927,619000 -5,373820 -0,057251 0,099865 0,000006 0,000311 -0,004402 0,999990
2928,669000 -4,855297 -0,061249 0,099937 0,000039 0,000246 -0,004549 0,999990
2929,769000 -4,312084 -0,066128 0,100011 0,000025 0,000299 -0,005443 0,999985
2930,819000 -3,793557 -0,071586 0,100089 0,000004 0,000304 -0,006342 0,999980
2931,869000 -3,275043 -0,078177 0,100162 0,000042 0,000279 -0,007220 0,999974
2932,919000 -2,756553 -0,086123 0,100236 0,000011 0,000285 -0,008421 0,999965
2934,019000 -2,213420 -0,095932 0,100316 0,000003 0,000307 -0,009880 0,999951
2935,069000 -1,693050 -0,108227 0,100335 -0,000032 0,000329 -0,011083 0,999939
2936,119000 -1,171604 -0,124912 0,100377 -0,000014 0,000353 -0,010414 0,999946
2937,169000 -0,662894 -0,127980 0,100200 -0,000025 0,000481 -0,012834 0,999918
2938,219000 -0,154315 -0,135666 0,100093 0,000013 0,000333 -0,015263 0,999883
2939,219000 0,315845 -0,170565 0,099795 0,000018 0,000333 -0,007608 0,999971
2940,219000 0,618857 -0,168301 0,099947 0,000027 0,000389 -0,003918 0,999992
2941,219000 0,600814 -0,168996 0,100326 0,000010 0,000325 -0,107460 0,994209
2942,270000 0,581950 -0,168197 0,100328 0,000070 0,000318 -0,231002 0,972953
2943,370000 0,563576 -0,165750 0,100327 0,000119 0,000267 -0,356609 0,934254
2944,421000 0,572038 -0,147017 0,100324 0,000177 0,000254 -0,474109 0,880466
2945,470000 0,587543 -0,129865 0,100318 0,000240 0,000245 -0,584590 0,811329
2946,520000 0,585240 -0,129242 0,100317 0,000264 0,000225 -0,672755 0,739865
2947,520000 0,602102 -0,113388 0,100318 0,000273 0,000203 -0,750941 0,660369
2948,620000 0,601306 -0,112737 0,100317 -0,000085 -0,000071 -0,823113 0,567877
2949,620000 0,597713 -0,117325 0,100322 -0,000336 -0,000155 0,886600 -0,462537
2950,620000 0,592938 -0,120959 0,100325 -0,000300 -0,000086 0,936675 -0,350201
2951,620000 0,587180 -0,123461 0,100326 -0,000273 -0,000034 0,972569 -0,232615
2952,620000 0,580704 -0,124631 0,100325 -0,000391 -0,000009 0,993768 -0,111465
2953,620000 0,580859 -0,127352 0,100321 -0,000355 0,000039 0,999932 0,011701
2955,770000 0,157639 -0,054385 0,100262 0,000342 -0,000165 0,993317 0,115415
2956,820000 -0,338825 0,057678 0,100244 -0,000356 0,000076 0,993298 0,115580
2957,920000 -0,861154 0,183587 0,100218 -0,000420 0,000058 0,995143 0,098443
2958,970000 -1,372775 0,273968 0,100176 -0,000407 0,000023 0,996715 0,080990
2960,020000 -1,885135 0,350595 0,100137 -0,000403 0,000045 0,997985 0,063444
2961,120000 -2,426580 0,406733 0,100104 -0,000409 0,000053 0,998980 0,045164
2962,120000 -2,914057 0,441104 0,100066 -0,000357 0,000002 0,999651 0,026396
2963,120000 -3,410629 0,456871 0,100033 -0,000399 0,000045 0,999980 0,006304
2964,120000 -3,901977 0,456545 0,100002 -0,000399 -0,000007 0,999990 -0,004369
2965,220000 -4,444158 0,452113 0,099965 -0,000410 -0,000001 0,999990 -0,004569
2966,220000 -4,940690 0,452900 0,099933 -0,000404 0,000040 0,999986 -0,005191
2967,270000 -5,460403 0,444375 0,099900 -0,000337 -0,000014 0,999990 -0,004498
2968,270000 -5,956676 0,444939 0,099860 -0,000297 0,000038 1,000000 -0,000593
2969,320000 -6,477616 0,449132 0,099834 -0,000413 0,000016 0,999996 0,002913
2970,370000 -6,998499 0,456580 0,099798 -0,000382 -0,000001 0,999982 0,006046
2971,470000 -7,544035 0,467392 0,099761 -0,000411 0,000029 0,999962 0,008671
2972,520000 -8,064810 0,480318 0,099721 -0,000137 0,000021 0,999938 0,011136
2973,570000 -8,585619 0,495560 0,099691 -0,000409 0,000005 0,999908 0,013571
2974,620000 -9,106268 0,512897 0,099658 0,000002 0,000037 0,999879 0,015533
2975,670000 -9,626935 0,531945 0,099626 -0,000412 0,000019 0,999853 0,017162
2976,720000 -10,147532 0,552241 0,099587 -0,000406 -0,000002 0,999829 0,018472
2977,770000 -10,668076 0,573716 0,099554 -0,000402 0,000055 0,999813 0,019341
2978,820000 -11,188604 0,595916 0,099521 -0,000405 0,000005 0,999796 0,020197
2979,870000 -11,709100 0,618653 0,099486 -0,000412 0,000020 0,999787 0,020616
2980,920000 -12,229604 0,641465 0,099451 -0,000401 0,000049 0,999783 0,020839
2981,971000 -12,750585 0,664082 0,099418 -0,000358 0,000007 0,999785 0,020746
2983,071000 -13,295738 0,687398 0,099379 -0,000294 -0,000001 0,999792 0,020377
2984,071000 -13,791637 0,707972 0,099349 -0,000405 0,000049 0,999812 0,019376
2985,171000 -14,336857 0,729204 0,099313 -0,000050 0,000003 0,999834 0,018212
2986,222000 -14,858030 0,748168 0,099281 -0,000403 0,000015 0,999853 0,017126
2987,223000 -15,354568 0,764670 0,099247 -0,000409 0,000036 0,999881 0,015426
2988,273000 -15,875291 0,779931 0,099210 -0,000310 -0,000005 0,999908 0,013563
2989,373000 -16,420780 0,793353 0,099177 -0,000412 0,000021 0,999938 0,011111
2990,423000 -16,941654 0,803380 0,099140 -0,000403 0,000038 0,999966 0,008284
2991,423000 -17,437897 0,810166 0,099106 -0,000396 -0,000006 0,999984 0,005598
2992,473000 -17,958839 0,813828 0,099073 -0,000349 0,000035 0,999997 0,002248
2993,523000 -18,479794 0,813680 0,099041 -0,000413 0,000017 0,999999 -0,001333
2994,623000 -19,025356 0,809173 0,099001 -0,000348 -0,000012 0,999986 -0,005273
2995,623000 -19,521551 0,800926 0,098972 -0,000396 0,000035 0,999953 -0,009678
2996,623000 -20,017624 0,788176 0,098937 -0,000372 -0,000015 0,999898 -0,014288
2997,623000 -20,513489 0,770529 0,098905 -0,000367 0,000017 0,999816 -0,019201
2998,623000 -21,009184 0,747554 0,098874 -0,000413 0,000008 0,999696 -0,024641
2999,674000 -21,504377 0,652128 0,098838 -0,000405 -0,000022 0,999152 -0,041161
3000,674000 -21,974281 0,556391 0,098804 -0,000401 0,000018 0,999033 -0,043958
3001,675000 -22,445511 0,471283 0,098768 -0,000398 -0,000019 0,999457 -0,032962
3002,724000 -22,964855 0,429695 0,098739 -0,000396 0,000010 0,999684 -0,025117
3003,725000 -23,450544 0,413241 0,098707 -0,000413 0,000012 0,999787 -0,020622
3004,776000 -23,968302 0,392148 0,098669 -0,000349 -0,000016 0,999830 -0,018435
3005,826000 -24,480299 0,405502 0,098638 -0,000382 0,000031 0,999859 -0,016813
3006,876000 -25,003948 0,356497 0,098602 -0,000407 -0,000001 0,999800 -0,019997
3007,876000 -25,497168 0,356442 0,098569 -0,000412 0,000005 0,999858 -0,016859
3008,877000 -25,988525 0,340909 0,098537 -0,000409 0,000024 0,999856 -0,016990
3009,927000 -26,505619 0,335682 0,098501 -0,000382 -0,000015 0,999872 -0,016000
3010,929000 -26,999319 0,313968 0,098471 -0,000412 0,000029 0,999847 -0,017501
3011,979000 -27,256310 0,300444 0,098452 -0,000320 0,000032 0,999912 -0,013279
3013,029000 -27,255871 0,295985 0,098455 -0,000412 0,000060 0,995212 0,097735
3014,079000 -27,253986 0,295107 0,098454 -0,000408 0,000093 0,978206 0,207637
3015,079000 -27,258389 0,289941 0,098455 -0,000405 0,000111 0,950312 0,311300
3016,179000 -27,262430 0,287295 0,098452 -0,000383 0,000134 0,907217 0,420663
3017,179000 -27,249924 0,294306 0,098447 -0,000245 0,000088 0,855790 0,517324
3018,229000 -27,254784 0,299769 0,098449 -0,000194 0,000108 0,780880 0,624681
3019,279000 -27,278103 0,301074 0,098449 0,000059 -0,000088 0,691835 0,722056
3020,329000 -27,281473 0,309058 0,098449 -0,000223 0,000291 0,589061 0,808088
3021,379000 -27,275877 0,308751 0,098453 -0,000188 0,000316 0,457664 0,889125
3022,429000 -27,264677 0,293026 0,098455 -0,000144 0,000326 0,314451 0,949274
3023,429000 -27,283421 0,318119 0,098453 -0,000103 0,000341 0,167506 0,985871
3024,479000 -27,289013 0,329101 0,098450 -0,000052 0,000225 0,009666 0,999953
3025,529000 -27,211658 0,323978 0,098458 -0,000036 -0,000426 -0,049306 0,998784
3026,579000 -26,759031 0,230338 0,098484 -0,000035 -0,000266 -0,123274 0,992373
3027,629000 -26,255346 0,108677 0,098532 0,000036 0,000320 -0,113449 0,993544
3028,679000 -25,747753 0,002812 0,098560 -0,000001 0,000335 -0,096595 0,995324
3029,779000 -25,212429 -0,089289 0,098600 0,000024 0,000290 -0,077015 0,997030
3030,829000 -24,698324 -0,158231 0,098641 0,000019 0,000347 -0,057390 0,998352
3031,879000 -24,181770 -0,207511 0,098674 -0,000028 0,000338 -0,037896 0,999282
3032,929000 -23,663345 -0,236324 0,098710 0,000006 0,000039 -0,018273 0,999833
3033,979000 -23,143629 -0,243739 0,098746 -0,000013 0,000344 0,001548 0,999999
3035,029000 -22,623980 -0,232304 0,098781 -0,000038 0,000343 0,014516 0,999895
3036,029000 -22,128870 -0,217077 0,098811 0,000006 0,000320 0,015123 0,999886
3037,029000 -21,633741 -0,201906 0,098843 -0,000042 0,000340 0,014552 0,999894
3038,079000 -21,113913 -0,186443 0,098880 -0,000018 0,000343 0,014332 0,999897
3039,079000 -20,618755 -0,172180 0,098912 -0,000018 0,000233 0,013890 0,999904
3040,129000 -20,098885 -0,157865 0,098947 -0,000039 0,000342 0,013343 0,999911
3041,129000 -19,603693 -0,144924 0,098978 0,000007 0,000267 0,012629 0,999920
3042,180000 -19,083302 -0,132250 0,099014 -0,000035 0,000342 0,011614 0,999933
3043,279000 -18,539211 -0,120052 0,099050 -0,000044 0,000340 0,010798 0,999942
3044,279000 -18,043947 -0,109944 0,099082 0,000010 0,000337 0,009516 0,999955
3045,279000 -17,548672 -0,101164 0,099113 -0,000044 0,000265 0,008297 0,999966
3046,380000 -17,003511 -0,093203 0,099154 -0,000017 0,000349 0,006871 0,999976
3047,430000 -16,915274 -0,091851 0,099156 -0,000029 0,000162 -0,052156 0,998639
3048,531000 -16,906822 -0,092911 0,099160 0,000044 0,000299 -0,188661 0,982042
3049,531000 -16,938105 -0,144167 0,099161 0,000097 0,000263 -0,307647 0,951501
3050,532000 -16,970270 -0,196631 0,099161 0,000128 0,000192 -0,421891 0,906646
3051,581000 -16,932018 -0,153878 0,099158 0,000178 0,000174 -0,540870 0,841106
3052,631000 -16,938995 -0,162375 0,099158 0,000256 0,000210 -0,657642 0,753330
3053,631000 -16,946573 -0,169234 0,099158 0,000285 0,000217 -0,711228 0,702961
3054,681000 -16,956694 -0,521707 0,099161 -0,000224 -0,000237 -0,734924 0,678149
3055,731000 -16,996313 -1,035751 0,099188 0,000307 0,000237 -0,734205 0,678928
3056,731000 -17,020634 -1,528847 0,099187 0,000268 0,000216 -0,719977 0,693998
3057,781000 -17,026556 -2,047558 0,099207 0,000282 0,000220 -0,707522 0,706692
3058,781000 -17,018564 -2,541976 0,099225 0,000273 0,000244 -0,703210 0,710982
3059,832000 -17,008186 -3,061446 0,099225 0,000226 0,000161 -0,704051 0,710150
3060,882000 -17,013905 -3,574507 0,099259 0,000291 0,000242 -0,704766 0,709440
3061,932000 -17,019108 -4,089452 0,099272 0,000269 0,000231 -0,705038 0,709170
3062,982000 -17,012848 -4,607927 0,099276 0,000259 0,000216 -0,704323 0,709879
3064,033000 -17,013704 -5,126327 0,099306 0,000295 0,000238 -0,704780 0,709426
3065,083000 -17,012741 -5,640910 0,099315 0,000261 0,000222 -0,704057 0,710144
3066,133000 -17,007357 -6,162820 0,099327 0,000271 0,000215 -0,704015 0,710185
3067,183000 -16,989351 -6,684898 0,099354 0,000293 0,000247 -0,704178 0,710023
3068,184000 -17,000414 -7,175498 0,099356 0,000241 0,000204 -0,704982 0,709225
3069,184000 -16,999090 -7,664236 0,099380 0,000290 0,000231 -0,704131 0,710070
3070,184000 -16,993132 -8,155066 0,099392 0,000265 0,000236 -0,704166 0,710035
3071,284000 -16,990473 -8,699483 0,099400 0,000227 0,000176 -0,704421 0,709783
3072,284000 -16,985250 -9,192990 0,099430 0,000293 0,000247 -0,704436 0,709768
3073,334000 -16,980265 -9,711659 0,099438 0,000268 0,000233 -0,704352 0,709851
3074,384000 -16,980473 -10,229717 0,099450 0,000269 0,000219 -0,704596 0,709608
3075,385000 -16,977663 -10,722027 0,099474 0,000287 0,000240 -0,704560 0,709644
3076,386000 -16,965446 -11,215917 0,099477 0,000235 0,000192 -0,704259 0,709943
3077,435000 -16,961300 -11,442195 0,099492 0,000287 0,000225 -0,704121 0,710080
3082,536000 -16,958395 -11,438343 0,099490 0,000240 0,000251 -0,557177 0,830394
3083,536000 -16,976225 -11,444075 0,099491 0,000167 0,000237 -0,443535 0,896257
3084,586000 -16,950562 -11,406216 0,099492 0,000111 0,000270 -0,324043 0,946042
3085,686000 -16,927828 -11,358408 0,099490 0,000053 0,000333 -0,193960 0,981009
3086,687000 -16,938919 -11,362771 0,099487 -0,000017 0,000301 -0,071050 0,997473
3087,687000 -16,944822 -11,368654 0,099490 -0,000052 0,000341 0,037315 0,999304
3088,687000 -16,949909 -11,374635 0,099492 -0,000072 0,000264 0,142994 0,989724
3089,687000 -16,955006 -11,380619 0,099492 -0,000113 0,000344 0,247119 0,968985
3090,788000 -16,960135 -11,386615 0,099490 -0,000144 0,000333 0,358499 0,933530
3091,887000 -16,965227 -11,392587 0,099487 0,000006 -0,000021 0,465013 0,885304
3092,937000 -16,967413 -11,392948 0,099487 -0,000120 0,000139 0,575339 0,817915
3093,937000 -16,971182 -11,393221 0,099491 0,000205 -0,000287 0,671298 0,741188
3095,988000 -16,975206 -11,038717 0,099477 0,000217 -0,000283 0,704389 0,709814
3097,038000 -16,978640 -10,522273 0,099457 -0,000279 0,000232 0,707366 0,706847
3098,137000 -16,977695 -9,984700 0,099446 -0,000290 0,000268 0,707481 0,706732
3099,187000 -16,979849 -9,467565 0,099435 -0,000312 0,000263 0,708170 0,706042
3100,237000 -16,983084 -8,950422 0,099408 -0,000276 0,000216 0,708885 0,705324
3101,237000 -16,987051 -8,457971 0,099407 -0,000299 0,000257 0,709589 0,704616
3102,237000 -16,991838 -7,965548 0,099381 -0,000183 0,000107 0,710201 0,703999
3103,237000 -16,997164 -7,473066 0,099372 -0,000294 0,000261 0,710641 0,703554
3104,287000 -17,003304 -6,955945 0,099358 -0,000312 0,000263 0,710987 0,703205
3105,287000 -17,009594 -6,463505 0,099335 -0,000275 0,000234 0,711126 0,703064
3106,337000 -17,016411 -5,946399 0,099330 -0,000292 0,000246 0,711299 0,702889
3107,337000 -17,023045 -5,453964 0,099303 -0,000311 0,000221 0,711534 0,702651
3108,387000 -17,029905 -4,936841 0,099291 -0,000269 0,000239 0,711545 0,702641
3109,487000 -17,036951 -4,395055 0,099282 -0,000308 0,000270 0,711436 0,702751
3110,537000 -17,043411 -3,878000 0,099259 -0,000072 0,000016 0,710996 0,703196
3111,537000 -17,049143 -3,385482 0,099245 -0,000277 0,000233 0,710789 0,703405
3112,537000 -17,054371 -2,893023 0,099237 -0,000296 0,000234 0,710543 0,703654
3113,587000 -17,059210 -2,375870 0,099210 -0,000267 0,000219 0,710135 0,704066
3114,587000 -17,062996 -1,883389 0,099208 -0,000311 0,000266 0,709568 0,704637
3115,587000 -17,065983 -1,390921 0,099182 -0,000292 0,000232 0,708894 0,705315
3116,587000 -17,073189 -0,902702 0,099175 -0,000298 0,000264 0,709874 0,704329
3117,587000 -17,081015 -0,414481 0,099157 -0,000307 0,000236 0,710429 0,703769
3118,687000 -17,089104 0,123096 0,099134 -0,000253 0,000203 0,710398 0,703800
3119,737000 -17,096006 0,636010 0,099127 -0,000299 0,000271 0,709692 0,704512
3120,737000 -17,100903 1,124228 0,099111 -0,000285 0,000218 0,708201 0,706011
3121,787000 -17,028347 1,686444 0,099089 -0,000260 0,000229 0,701421 0,712747
3122,887000 -17,030731 2,228747 0,099084 -0,000307 0,000270 0,704906 0,709301
3123,937000 -17,033573 2,742514 0,099060 -0,000311 0,000232 0,706486 0,707727
3124,987000 -17,030935 3,256460 0,099042 -0,000275 0,000242 0,706912 0,707301
3125,987000 -17,035141 3,749424 0,099038 -0,000315 0,000265 0,707540 0,706673
3126,989000 -17,039700 4,243794 0,099010 -0,000267 0,000216 0,707897 0,706316
3128,039000 -17,044268 4,763969 0,099002 -0,000271 0,000224 0,708260 0,705952
3129,138000 -17,054089 5,310210 0,098989 -0,000315 0,000252 0,708910 0,705299
3130,139000 -17,064137 5,810649 0,098963 -0,000256 0,000210 0,709081 0,705127
3131,189000 -17,092642 6,342445 0,098956 -0,000299 0,000271 0,709144 0,705063
3132,189000 -17,083437 6,836403 0,098939 -0,000308 0,000241 0,706511 0,707702
3133,239000 -17,072596 7,355026 0,098921 -0,000268 0,000244 0,705289 0,708920
3134,289000 -17,062328 7,873665 0,098914 -0,000312 0,000268 0,705789 0,708422
3135,339000 -17,054953 8,392305 0,098884 -0,000307 0,000218 0,707813 0,706400
3136,340000 -17,052303 8,886740 0,098879 -0,000295 0,000261 0,711287 0,702901
3137,439000 -17,066092 9,440063 0,098866 -0,000314 0,000267 0,713867 0,700281
3138,489000 -17,082418 9,969148 0,098841 -0,000291 0,000219 0,715844 0,698261
3139,539000 -17,100912 10,498173 0,098829 -0,000280 0,000234 0,717175 0,696893
3140,639000 -17,121431 11,051820 0,098820 -0,000271 0,000214 0,718139 0,695899
3141,639000 -17,140760 11,556148 0,098792 -0,000288 0,000221 0,718483 0,695544
3142,639000 -17,147600 11,673962 0,098802 -0,000196 0,000154 0,683593 0,729864
3143,639000 -17,149870 11,691086 0,098802 -0,000258 0,000301 0,588032 0,808838
3144,689000 -17,150536 11,707973 0,098799 -0,000184 0,000286 0,478041 0,878338
3145,689000 -17,150042 11,723735 0,098792 -0,000117 0,000229 0,365731 0,930721
3146,789000 -17,149191 11,738001 0,098787 -0,000093 0,000302 0,230521 0,973067
3147,839000 -17,152597 11,749024 0,098787 -0,000066 0,000307 0,076576 0,997064
3148,890000 -17,143473 11,760233 0,098790 -0,000013 -0,000387 0,011685 0,999932
3149,989000 -16,710619 11,777678 0,098827 -0,000003 -0,000029 0,002031 0,999998
3150,989000 -16,220959 11,790546 0,098855 -0,000027 0,000237 0,006965 0,999976
3152,039000 -15,706279 11,804137 0,098898 -0,000020 0,000360 0,002808 0,999996
3153,089000 -15,171031 11,768315 0,098926 0,000004 0,000311 -0,005934 0,999982
3154,090000 -14,659972 11,731964 0,098957 -0,000029 0,000333 -0,006975 0,999976
3155,139000 -14,129157 11,700096 0,098998 -0,000012 0,000354 -0,009111 0,999958
3156,189000 -13,614746 11,690081 0,099025 0,000000 0,000121 -0,008835 0,999961
3157,189000 -13,124949 11,680726 0,099065 -0,000022 0,000353 -0,008485 0,999964
3158,190000 -12,634689 11,672038 0,099094 0,000004 0,000295 -0,007786 0,999970
3159,191000 -12,360961 11,667431 0,099107 -0,000001 -0,000071 -0,025501 0,999675
3160,267000 -12,358058 11,665285 0,099116 0,000060 0,000301 -0,156634 0,987657
3161,267000 -12,356157 11,661748 0,099119 0,000094 0,000282 -0,276082 0,961134
3162,292000 -12,354948 11,656835 0,099120 0,000132 0,000276 -0,394191 0,919028
3163,392000 -12,354663 11,650447 0,099118 0,000168 0,000260 -0,514033 0,857770
3164,392000 -12,356128 11,643827 0,099114 0,000109 0,000123 -0,614867 0,788631
3165,417000 -12,359059 11,637904 0,099110 0,000058 0,000042 -0,700368 0,713782
3166,417000 -12,355142 11,447911 0,099122 -0,000234 -0,000322 -0,683308 0,730130
3167,517000 -12,301668 10,924368 0,099144 0,000259 0,000259 -0,664197 0,747557
3168,542000 -12,251706 10,421257 0,099156 0,000257 0,000234 -0,676477 0,736464
3169,567000 -12,217278 9,916529 0,099179 0,000280 0,000240 -0,687247 0,726423
3170,617000 -12,198228 9,398142 0,099191 0,000253 0,000251 -0,696460 0,717595
3171,642000 -12,173183 8,898149 0,099203 0,000255 0,000188 -0,697062 0,717011
3172,742000 -12,149112 8,361141 0,099230 0,000291 0,000242 -0,697944 0,716152
3173,842000 -12,129284 7,824046 0,099244 0,000247 0,000220 -0,700772 0,713386
3174,942000 -12,116786 7,286907 0,099250 0,000005 -0,000019 -0,705666 0,708544
3176,017000 -12,118385 6,758006 0,099272 0,000294 0,000210 -0,707191 0,707023
3177,091000 -12,121591 6,229664 0,099293 0,000209 0,000164 -0,707955 0,706258
3178,117000 -12,125803 5,724970 0,099297 0,000260 0,000211 -0,708851 0,705358
3179,167000 -12,130695 5,208455 0,099323 0,000293 0,000227 -0,709317 0,704889
3180,167000 -12,135774 4,716636 0,099336 0,000270 0,000242 -0,709505 0,704700
3181,167000 -12,140677 4,224806 0,099346 0,000278 0,000209 -0,709527 0,704678
3182,292000 -12,145389 3,671342 0,099367 0,000072 0,000008 -0,708853 0,705356
3183,317000 -12,148668 3,167127 0,099381 0,000218 0,000199 -0,708348 0,705864
3184,367000 -12,150686 2,650630 0,099395 0,000171 0,000104 -0,707252 0,706961
3185,392000 -12,150720 2,146462 0,099418 0,000289 0,000245 -0,705932 0,708279
3186,392000 -12,176442 1,655869 0,099420 0,000255 0,000227 -0,708828 0,705381
3187,467000 -12,208944 1,127971 0,099444 0,000294 0,000212 -0,708930 0,705278
3188,467000 -12,242632 0,637577 0,099455 0,000263 0,000241 -0,705533 0,708677
3189,467000 -12,240599 0,136034 0,099469 0,000256 0,000190 -0,700153 0,713993
3190,592000 -12,218181 0,093368 0,099471 0,000071 0,000028 -0,651336 0,758790
3191,592000 -12,194873 0,089196 0,099476 0,000213 0,000262 -0,554913 0,831908
3192,668000 -12,169927 0,085274 0,099480 0,000171 0,000289 -0,442053 0,896989
3193,718000 -12,143770 0,082524 0,099483 0,000074 0,000185 -0,324827 0,945773
3194,718000 -12,116883 0,081159 0,099479 0,000049 0,000191 -0,208498 0,978023
3195,818000 -12,088781 0,081043 0,099473 0,000019 0,000222 -0,076861 0,997042
3196,868000 -12,058928 0,090888 0,099470 -0,000003 -0,000382 -0,028405 0,999596
3197,922000 -11,648579 0,035190 0,099493 -0,000107 -0,000425 -0,087369 0,996176
3198,973000 -11,136859 -0,062489 0,099540 0,000007 0,000271 -0,084130 0,996455
3200,073000 -10,592666 -0,151211 0,099579 -0,000015 0,000341 -0,063632 0,997973
3201,123000 -10,079093 -0,204654 0,099619 0,000012 0,000350 -0,041218 0,999150
3202,173000 -9,563337 -0,236739 0,099644 0,000004 0,000327 -0,018590 0,999827
3203,173000 -9,072909 -0,248420 0,099687 -0,000017 0,000352 -0,006084 0,999981
3204,173000 -8,577419 -0,253046 0,099714 0,000008 0,000296 -0,004807 0,999988
3205,174000 -8,081877 -0,244693 0,099751 -0,000029 0,000344 -0,003828 0,999993
3206,224000 -7,568068 -0,261324 0,099789 -0,000005 0,000356 -0,005509 0,999985
3207,224000 -7,074495 -0,266922 0,099813 -0,000023 0,000328 -0,005036 0,999987
3208,274000 -6,556980 -0,273201 0,099854 -0,000019 0,000351 -0,005662 0,999984
3209,324000 -6,039470 -0,279937 0,099886 0,000006 0,000275 -0,006452 0,999979
3210,324000 -5,546617 -0,286984 0,099916 -0,000032 0,000332 -0,006721 0,999977
3211,325000 -5,053308 -0,294128 0,099956 -0,000005 0,000357 -0,006845 0,999977
3212,325000 -4,560485 -0,301508 0,099978 -0,000014 0,000327 -0,006980 0,999976
3213,375000 -4,042985 -0,309295 0,100021 -0,000030 0,000350 -0,007120 0,999975
3214,425000 -3,525484 -0,317063 0,100052 0,000012 0,000335 -0,007280 0,999973
3215,475000 -3,007987 -0,324750 0,100083 -0,000025 0,000306 -0,007233 0,999974
3216,575000 -2,465806 -0,332947 0,100127 -0,000022 0,000354 -0,007205 0,999974
3217,576000 -1,972490 -0,340248 0,100155 0,000004 0,000307 -0,007050 0,999975
3218,626000 -1,456893 -0,344995 0,100185 -0,000030 0,000330 -0,007210 0,999974
3219,726000 -0,917737 -0,347939 0,100230 -0,000015 0,000353 -0,008221 0,999966
3220,776000 -0,390543 -0,365395 0,100259 0,000006 0,000333 -0,009750 0,999952
3221,826000 0,113348 -0,394803 0,099930 0,000010 0,000333 -0,006477 0,999979
3222,826000 0,602711 -0,409405 0,099945 0,000031 0,000389 -0,004166 0,999991
