0,999776 0,021169 0,000651 -0,005190 -0,021169 0,999776 -0,000003 -0,030856 -0,000651 -0,000010 1,000000 0,099998
0,997568 0,069696 -0,000793 0,164917 -0,069696 0,997568 0,000058 -0,040466 0,000795 -0,000003 1,000000 0,100019
0,988377 0,152021 0,000490 0,680036 -0,152021 0,988377 -0,000094 -0,111022 -0,000499 0,000018 1,000000 0,100011
0,992718 0,120459 0,000744 1,167826 -0,120459 0,992718 -0,000064 -0,179221 -0,000746 -0,000026 1,000000 0,100010
0,995073 0,099141 0,000660 1,398066 -0,099141 0,995073 -0,000064 -0,205067 -0,000663 -0,000002 1,000000 0,100020
0,677187 -0,735811 0,000427 1,417640 0,735811 0,677187 0,000418 -0,197024 -0,000597 0,000031 1,000000 0,100002
-0,533603 -0,845735 -0,000409 1,420687 0,845735 -0,533603 0,000619 -0,219463 -0,000741 -0,000016 1,000000 0,100016
-0,995829 -0,091242 -0,000656 1,439894 0,091242 -0,995829 0,000080 -0,231059 -0,000661 0,000020 1,000000 0,100000
-0,999995 0,003198 -0,000689 1,245866 -0,003198 -0,999995 -0,000007 -0,200765 -0,000689 -0,000004 1,000000 0,100015
-0,850518 0,525946 0,000074 1,155914 -0,525946 -0,850518 0,000034 -0,269448 0,000081 -0,000010 1,000000 0,100011
-0,953766 0,300549 -0,000490 1,149796 -0,300549 -0,953766 -0,000190 -0,272265 -0,000525 -0,000034 1,000000 0,100006
-0,999796 0,020196 0,000170 1,060957 -0,020196 -0,999796 0,000008 -0,288166 0,000170 0,000005 1,000000 0,100018
-0,999793 0,020332 -0,000504 0,904201 -0,020332 -0,999793 -0,000023 -0,291333 -0,000504 -0,000012 1,000000 0,100007
-0,999798 0,020113 -0,000202 0,739514 -0,020113 -0,999798 0,000009 -0,294658 -0,000201 0,000013 1,000000 0,100018
-0,999798 0,020110 0,000072 0,570341 -0,020110 -0,999798 -0,000003 -0,298052 0,000071 -0,000004 1,000000 0,100002
-0,999794 0,020296 0,000061 0,384201 -0,020296 -0,999794 -0,000001 -0,301818 0,000061 -0,000002 1,000000 0,100020
-0,999786 0,020664 -0,000740 0,169021 -0,020664 -0,999786 0,000008 -0,306228 -0,000739 0,000023 1,000000 0,100011
-0,999789 0,020530 -0,000704 -0,039846 -0,020530 -0,999789 -0,000021 -0,310556 -0,000704 -0,000007 1,000000 0,100006
-0,999776 0,021150 0,000740 -0,271002 -0,021150 -0,999776 0,000011 -0,315357 0,000740 -0,000005 1,000000 0,100018
-0,999779 0,020991 -0,000780 -0,512503 -0,020991 -0,999780 -0,000021 -0,320444 -0,000780 -0,000005 1,000000 0,100017
-0,999782 0,020846 -0,000715 -0,742228 -0,020846 -0,999783 -0,000004 -0,325266 -0,000715 0,000011 1,000000 0,100007
-0,999775 0,021219 -0,000289 -0,973099 -0,021219 -0,999775 -0,000017 -0,330086 -0,000289 -0,000011 1,000000 0,100009
-0,999776 0,021155 -0,000763 -1,237999 -0,021155 -0,999776 -0,000017 -0,335755 -0,000764 -0,000000 1,000000 0,100015
-0,999659 0,026122 0,000583 -1,546238 -0,026122 -0,999659 0,000009 -0,342759 0,000584 -0,000006 1,000000 0,100017
-0,993381 0,114866 0,000642 -1,961200 -0,114866 -0,993381 0,000058 -0,369297 0,000644 -0,000016 1,000000 0,099998
-0,994459 0,105122 -0,000769 -2,472349 -0,105122 -0,994459 -0,000071 -0,428180 -0,000772 0,000010 1,000000 0,100016
-0,996255 0,086464 -0,000746 -2,984334 -0,086464 -0,996255 -0,000051 -0,477037 -0,000748 0,000013 1,000000 0,100014
-0,997950 0,063987 -0,000662 -3,545879 -0,063987 -0,997951 -0,000061 -0,518401 -0,000664 -0,000018 1,000000 0,100002
-0,999215 0,039604 -0,000450 -4,107056 -0,039604 -0,999215 -0,000028 -0,546838 -0,000451 -0,000010 1,000000 0,100008
-0,998677 0,051427 0,000461 -4,533081 -0,051427 -0,998677 0,000030 -0,566826 0,000462 0,000006 1,000000 0,100013
-0,998369 0,057095 -0,000615 -4,911175 -0,057095 -0,998369 -0,000044 -0,586641 -0,000616 -0,000008 1,000000 0,100018
-0,998391 0,056705 -0,000795 -5,266035 -0,056705 -0,998391 -0,000047 -0,606828 -0,000796 -0,000002 1,000000 0,100019
-0,998425 0,056096 0,000621 -5,588112 -0,056096 -0,998425 0,000023 -0,625041 0,000622 -0,000012 1,000000 0,100018
-0,998461 0,055460 0,000216 -5,926062 -0,055460 -0,998461 0,000008 -0,643800 0,000216 -0,000004 1,000000 0,100017
-0,998483 0,055064 -0,000571 -6,264569 -0,055064 -0,998483 -0,000025 -0,662500 -0,000571 0,000007 1,000000 0,100012
-0,998493 0,054867 -0,000733 -6,603320 -0,054867 -0,998494 -0,000047 -0,681119 -0,000734 -0,000006 1,000000 0,100010
-0,998539 0,054029 0,000541 -6,925335 -0,054029 -0,998539 0,000013 -0,698639 0,000541 -0,000017 1,000000 0,100008
-0,998571 0,053435 -0,000094 -7,263492 -0,053435 -0,998571 -0,000012 -0,716703 -0,000094 -0,000007 1,000000 0,100004
-0,998597 0,052958 -0,000440 -7,602196 -0,052958 -0,998597 -0,000030 -0,734734 -0,000441 -0,000007 1,000000 0,100002
-0,998619 0,052537 -0,000250 -7,940163 -0,052537 -0,998619 -0,000004 -0,752426 -0,000250 0,000009 1,000000 0,100006
-0,998637 0,052186 -0,000690 -8,279023 -0,052186 -0,998637 -0,000030 -0,770194 -0,000691 0,000006 1,000000 0,100010
-0,998649 0,051955 -0,000061 -8,601618 -0,051955 -0,998649 0,000008 -0,787033 -0,000060 0,000011 1,000000 0,100011
-0,998680 0,051365 -0,000027 -8,924242 -0,051365 -0,998680 0,000004 -0,803679 -0,000027 0,000005 1,000000 0,100013
-0,998713 0,050715 0,000420 -9,262304 -0,050715 -0,998713 0,000036 -0,820839 0,000422 0,000015 1,000000 0,100015
-0,998760 0,049778 0,000266 -9,600274 -0,049778 -0,998760 0,000015 -0,837675 0,000267 0,000002 1,000000 0,100018
-0,998796 0,049057 0,000703 -9,938413 -0,049057 -0,998796 0,000046 -0,854312 0,000704 0,000011 1,000000 0,100018
-0,998828 0,048398 0,000798 -10,260653 -0,048398 -0,998828 0,000039 -0,869935 0,000799 0,000000 1,000000 0,100020
-0,998862 0,047695 0,000288 -10,599093 -0,047695 -0,998862 0,000005 -0,886146 0,000288 -0,000009 1,000000 0,100017
-0,998887 0,047170 0,000294 -10,921416 -0,047170 -0,998887 0,000012 -0,901366 0,000294 -0,000002 1,000000 0,100019
-0,998922 0,046426 0,000676 -11,259678 -0,046426 -0,998922 0,000014 -0,917129 0,000675 -0,000018 1,000000 0,100015
-0,998946 0,045904 -0,000420 -11,582026 -0,045904 -0,998946 -0,000023 -0,931925 -0,000421 -0,000004 1,000000 0,100016
-0,998993 0,044876 -0,000145 -11,903871 -0,044876 -0,998993 0,000005 -0,946512 -0,000145 0,000011 1,000000 0,100013
-0,999004 0,044629 0,000018 -12,242140 -0,044629 -0,999004 -0,000005 -0,961624 0,000018 -0,000005 1,000000 0,100011
-0,999025 0,044139 -0,000702 -12,580447 -0,044139 -0,999025 -0,000050 -0,976583 -0,000704 -0,000019 1,000000 0,100006
-0,999046 0,043669 0,000620 -12,918660 -0,043669 -0,999046 0,000025 -0,991368 0,000621 -0,000002 1,000000 0,100003
-0,999053 0,043519 -0,000140 -13,257384 -0,043519 -0,999053 -0,000000 -1,006133 -0,000140 0,000006 1,000000 0,100003
-0,999064 0,043263 0,000043 -13,579494 -0,043263 -0,999064 0,000007 -1,020007 0,000043 0,000005 1,000000 0,100002
-0,999099 0,042428 -0,000742 -13,934417 -0,042428 -0,999099 -0,000027 -1,035153 -0,000742 0,000005 1,000000 0,100012
-0,999124 0,041843 -0,000229 -14,272724 -0,041843 -0,999124 -0,000005 -1,049341 -0,000229 0,000005 1,000000 0,100014
-0,999154 0,041135 0,000304 -14,595627 -0,041135 -0,999154 0,000016 -1,062674 0,000305 0,000003 1,000000 0,100016
-0,999176 0,040578 -0,000230 -14,942140 -0,040578 -0,999176 -0,000007 -1,076772 -0,000230 0,000002 1,000000 0,100019
-0,999186 0,040337 -0,000794 -15,305182 -0,040337 -0,999186 -0,000034 -1,091421 -0,000794 -0,000002 1,000000 0,100019
-0,999198 0,040044 -0,000027 -15,627870 -0,040044 -0,999198 0,000007 -1,104394 -0,000027 0,000008 1,000000 0,100017
-0,999209 0,039761 0,000326 -15,966431 -0,039761 -0,999209 0,000010 -1,117859 0,000326 -0,000003 1,000000 0,100017
-0,999243 0,038905 -0,000719 -16,321133 -0,038905 -0,999243 -0,000025 -1,131763 -0,000720 0,000003 1,000000 0,100010
-0,970333 0,241770 -0,000768 -16,550861 -0,241770 -0,970334 -0,000187 -1,140645 -0,000791 0,000004 1,000000 0,100019
-0,485930 0,873998 -0,000250 -16,552938 -0,873998 -0,485930 -0,000458 -1,143764 -0,000521 -0,000004 1,000000 0,100001
0,368149 0,929767 -0,000301 -16,542912 -0,929766 0,368149 0,000736 -1,173056 0,000795 0,000009 1,000000 0,100011
0,089540 0,995983 -0,000012 -16,484859 -0,995983 0,089540 -0,000320 -1,299967 -0,000318 0,000041 1,000000 0,100010
0,069270 0,997598 -0,000037 -16,466534 -0,997598 0,069270 0,000689 -1,577667 0,000690 -0,000010 1,000000 0,100012
0,068177 0,997673 -0,000054 -16,444466 -0,997673 0,068177 0,000685 -1,899079 0,000688 0,000008 1,000000 0,100013
0,067311 0,997732 -0,000041 -16,421745 -0,997732 0,067311 0,000318 -2,236483 0,000320 0,000019 1,000000 0,100012
0,066185 0,997807 -0,000056 -16,399218 -0,997807 0,066185 0,000113 -2,574528 0,000117 0,000049 1,000000 0,100011
0,065741 0,997837 -0,000048 -16,378126 -0,997837 0,065741 -0,000163 -2,895978 -0,000159 0,000059 1,000000 0,100012
0,064940 0,997889 -0,000016 -16,357105 -0,997889 0,064940 -0,000596 -3,218060 -0,000594 0,000055 1,000000 0,100010
0,064929 0,997890 -0,000008 -16,336096 -0,997890 0,064929 -0,000610 -3,540822 -0,000608 0,000048 1,000000 0,100010
0,064007 0,997949 -0,000027 -16,315311 -0,997949 0,064007 -0,000284 -3,862727 -0,000282 0,000045 1,000000 0,100011
0,063522 0,997980 -0,000042 -16,293755 -0,997980 0,063522 -0,000078 -4,200642 -0,000076 0,000047 1,000000 0,100011
0,062694 0,998033 -0,000060 -16,273449 -0,998033 0,062694 0,000629 -4,522824 0,000632 0,000020 1,000000 0,100013
0,062428 0,998049 -0,000048 -16,253469 -0,998049 0,062428 0,000570 -4,844218 0,000572 0,000012 1,000000 0,100012
0,061704 0,998094 0,000040 -16,233519 -0,998094 0,061704 -0,000755 -5,166516 -0,000756 0,000006 1,000000 0,100013
0,061289 0,998120 0,000052 -16,212667 -0,998120 0,061289 -0,000721 -5,505174 -0,000722 -0,000007 1,000000 0,100011
0,060988 0,998138 0,000033 -16,191999 -0,998138 0,060988 0,000017 -5,843359 0,000015 -0,000034 1,000000 0,100012
0,060291 0,998181 0,000078 -16,171476 -0,998181 0,060291 -0,000472 -6,182019 -0,000476 -0,000049 1,000000 0,100010
0,060022 0,998197 0,000020 -16,151287 -0,998197 0,060022 0,000673 -6,519824 0,000671 -0,000060 1,000000 0,100009
0,059748 0,998213 -0,000004 -16,132057 -0,998213 0,059748 0,000565 -6,841622 0,000564 -0,000030 1,000000 0,100010
0,059149 0,998249 0,000038 -16,111107 -0,998249 0,059149 -0,000095 -7,195727 -0,000097 -0,000032 1,000000 0,100011
0,058509 0,998287 -0,000006 -16,092176 -0,998287 0,058509 0,000037 -7,517814 0,000037 0,000004 1,000000 0,100013
0,057474 0,998347 0,000027 -16,073708 -0,998347 0,057474 -0,000314 -7,839172 -0,000315 -0,000009 1,000000 0,100013
0,056713 0,998391 0,000029 -16,055363 -0,998390 0,056713 -0,000644 -8,161277 -0,000644 0,000008 1,000000 0,100014
0,055743 0,998445 0,000000 -16,037382 -0,998445 0,055743 -0,000312 -8,483057 -0,000311 0,000017 1,000000 0,100013
0,055124 0,998479 -0,000048 -16,018682 -0,998479 0,055124 0,000040 -8,821158 0,000042 0,000045 1,000000 0,100010
0,054837 0,998495 -0,000008 -15,999276 -0,998495 0,054837 -0,000709 -9,175508 -0,000707 0,000047 1,000000 0,100010
0,054497 0,998514 -0,000071 -15,981648 -0,998514 0,054497 0,000390 -9,497941 0,000394 0,000050 1,000000 0,100011
0,053790 0,998552 -0,000044 -15,962467 -0,998552 0,053790 0,000421 -9,852425 0,000423 0,000021 1,000000 0,100012
0,052894 0,998600 -0,000031 -15,945325 -0,998600 0,052894 0,000344 -10,174507 0,000345 0,000013 1,000000 0,100013
-0,156547 0,987670 -0,000015 -15,934354 -0,987670 -0,156547 0,000150 -10,395608 0,000145 0,000039 1,000000 0,100017
-0,698798 0,715318 0,000620 -16,003038 -0,715318 -0,698799 0,000547 -10,472548 0,000824 -0,000061 1,000000 0,099957
-0,718066 0,695975 -0,000317 -16,225000 -0,695975 -0,718066 -0,000337 -10,696426 -0,000462 -0,000021 1,000000 0,100004
-0,711543 0,702642 0,000638 -16,442364 -0,702642 -0,711543 0,000542 -10,909832 0,000835 -0,000063 1,000000 0,099957
-0,716963 0,697111 -0,000140 -16,672819 -0,697111 -0,716964 -0,000133 -11,136959 -0,000193 0,000002 1,000000 0,100004
-0,717826 0,696223 0,000189 -16,907412 -0,696223 -0,717826 0,000170 -11,367732 0,000254 -0,000010 1,000000 0,099977
-0,996900 0,078680 -0,000788 -16,907990 -0,078680 -0,996900 -0,000069 -11,368214 -0,000791 -0,000007 1,000000 0,100019
-0,753333 -0,657639 -0,000327 -16,910709 0,657639 -0,753333 0,000271 -11,366123 -0,000424 -0,000011 1,000000 0,100004
-0,006197 -0,999981 0,000055 -16,914989 0,999981 -0,006197 -0,000753 -11,328482 0,000753 0,000050 1,000000 0,100013
-0,007524 -0,999972 0,000036 -16,917467 0,999972 -0,007524 0,000004 -10,995350 -0,000004 0,000036 1,000000 0,100012
-0,007343 -0,999973 0,000048 -16,919872 0,999973 -0,007343 0,000575 -10,672209 -0,000574 0,000052 1,000000 0,100003
-0,007319 -0,999973 0,000037 -16,922241 0,999973 -0,007319 0,000731 -10,349077 -0,000731 0,000042 1,000000 0,100010
-0,007185 -0,999974 0,000021 -16,924698 0,999974 -0,007185 0,000359 -10,009546 -0,000359 0,000023 1,000000 0,100007
-0,007141 -0,999974 0,000046 -16,927015 0,999974 -0,007141 0,000230 -9,686443 -0,000230 0,000048 1,000000 0,100004
-0,007009 -0,999975 -0,000004 -16,929422 0,999975 -0,007009 0,000160 -9,347172 -0,000160 -0,000003 1,000000 0,100009
-0,007061 -0,999975 -0,000001 -16,931681 0,999975 -0,007061 0,000277 -9,024142 -0,000277 0,000001 1,000000 0,100007
-0,006864 -0,999976 -0,000048 -16,934164 0,999976 -0,006864 0,000689 -8,668722 -0,000690 -0,000043 1,000000 0,100009
-0,006891 -0,999976 -0,000063 -16,936491 0,999976 -0,006891 -0,000212 -8,329293 0,000212 -0,000065 1,000000 0,100010
-0,006906 -0,999976 -0,000025 -16,938940 0,999976 -0,006906 0,000775 -7,974099 -0,000775 -0,000019 1,000000 0,100016
-0,006822 -0,999977 -0,000015 -16,941156 0,999976 -0,006822 0,000702 -7,650999 -0,000703 -0,000010 1,000000 0,100015
-0,006773 -0,999977 -0,000004 -16,943453 0,999977 -0,006773 0,000202 -7,311425 -0,000202 -0,000003 1,000000 0,100018
-0,006693 -0,999978 -0,000005 -16,945730 0,999977 -0,006693 0,000692 -6,972178 -0,000692 -0,000001 1,000000 0,100015
-0,006524 -0,999979 0,000014 -16,947842 0,999979 -0,006524 0,000016 -6,649131 -0,000016 0,000014 1,000000 0,100017
-0,006366 -0,999980 0,000031 -16,949919 0,999979 -0,006366 0,000751 -6,325947 -0,000751 0,000035 1,000000 0,100015
-0,006272 -0,999980 0,000035 -16,952152 0,999980 -0,006272 0,000074 -5,970573 -0,000074 0,000035 1,000000 0,100012
-0,006210 -0,999981 0,000048 -16,954163 0,999981 -0,006210 -0,000187 -5,647568 0,000188 0,000047 1,000000 0,100011
-0,006291 -0,999980 0,000041 -16,956171 0,999980 -0,006291 0,000011 -5,324513 -0,000011 0,000041 1,000000 0,100010
-0,006185 -0,999981 0,000036 -16,958275 0,999981 -0,006185 0,000475 -4,985273 -0,000475 0,000039 1,000000 0,100009
-0,006125 -0,999981 0,000022 -16,960270 0,999981 -0,006125 0,000638 -4,661816 -0,000638 0,000026 1,000000 0,100008
-0,005885 -0,999983 -0,000033 -16,962416 0,999982 -0,005886 0,000650 -4,306411 -0,000651 -0,000029 1,000000 0,100006
-0,005844 -0,999983 -0,000025 -16,964411 0,999983 -0,005844 -0,000071 -3,967537 0,000071 -0,000025 1,000000 0,100007
-0,005650 -0,999984 -0,000055 -16,966274 0,999984 -0,005650 0,000433 -3,644376 -0,000433 -0,000052 1,000000 0,100007
-0,005616 -0,999984 -0,000050 -16,968184 0,999984 -0,005616 -0,000035 -3,305170 0,000035 -0,000050 1,000000 0,100011
-0,005559 -0,999985 -0,000038 -16,969984 0,999984 -0,005559 0,000754 -2,981993 -0,000754 -0,000034 1,000000 0,100013
-0,012238 -0,999925 -0,000048 -16,971827 0,999925 -0,012238 0,000593 -2,654273 -0,000593 -0,000041 1,000000 0,100015
-0,669428 -0,742877 0,000506 -16,999340 0,742877 -0,669428 -0,000587 -2,619622 0,000774 -0,000017 1,000000 0,099966
-0,676881 -0,736092 0,000471 -17,208559 0,736092 -0,676881 -0,000609 -2,387838 0,000767 -0,000066 1,000000 0,099949
-0,664206 -0,747549 0,000519 -17,416151 0,747549 -0,664207 -0,000527 -2,157389 0,000739 0,000038 1,000000 0,099973
-0,667543 -0,744571 0,000463 -17,642590 0,744571 -0,667543 -0,000459 -1,903240 0,000651 0,000039 1,000000 0,099958
-0,657139 -0,753769 0,000538 -17,848906 0,753769 -0,657139 -0,000603 -1,669842 0,000808 0,000009 1,000000 0,099955
-0,654164 -0,756353 0,000563 -18,076359 0,756352 -0,654164 -0,000636 -1,407798 0,000850 0,000010 1,000000 0,099959
-0,635648 -0,771979 0,000418 -18,274101 0,771979 -0,635648 -0,000531 -1,171251 0,000675 -0,000015 1,000000 0,099956
-0,637575 -0,770388 0,000613 -18,480333 0,770388 -0,637575 -0,000600 -0,920615 0,000853 0,000089 1,000000 0,099978
-0,619563 -0,784947 0,000581 -18,681778 0,784946 -0,619564 -0,000684 -0,666993 0,000897 0,000032 1,000000 0,099973
-0,614489 -0,788926 0,000501 -18,871258 0,788925 -0,614489 -0,000598 -0,426100 0,000780 0,000028 1,000000 0,099973
-0,606681 -0,794945 0,000106 -19,069441 0,794945 -0,606681 -0,000155 -0,164902 0,000188 -0,000010 1,000000 0,099994
-0,898193 -0,439601 -0,000656 -19,129332 0,439600 -0,898193 0,000374 -0,081888 -0,000753 0,000047 1,000000 0,100013
-0,969630 -0,244576 -0,000432 -19,320921 0,244576 -0,969630 0,000077 -0,037433 -0,000438 -0,000031 1,000000 0,100013
-0,969584 -0,244757 -0,000533 -19,647404 0,244757 -0,969584 0,000115 0,044700 -0,000545 -0,000019 1,000000 0,100011
-0,969643 -0,244524 -0,000724 -19,960701 0,244524 -0,969643 0,000197 0,123750 -0,000751 0,000014 1,000000 0,100010
-0,969720 -0,244221 -0,000015 -20,289240 0,244221 -0,969720 0,000024 0,206538 -0,000020 0,000020 1,000000 0,100012
-0,969991 -0,243141 -0,000100 -20,617456 0,243141 -0,969991 0,000075 0,288800 -0,000115 0,000048 1,000000 0,100010
-0,970150 -0,242504 0,000434 -20,928406 0,242504 -0,970150 -0,000063 0,366490 0,000437 0,000044 1,000000 0,100010
-0,970228 -0,242195 0,000330 -21,240965 0,242195 -0,970228 -0,000107 0,444542 0,000346 -0,000024 1,000000 0,100001
-0,970192 -0,242339 0,000433 -21,568121 0,242339 -0,970192 -0,000045 0,526125 0,000431 0,000061 1,000000 0,100012
-0,970329 -0,241788 -0,000325 -21,881414 0,241787 -0,970329 0,000121 0,604225 -0,000344 0,000039 1,000000 0,100013
-0,970530 -0,240980 -0,000699 -22,192667 0,240980 -0,970530 0,000238 0,681456 -0,000735 0,000062 1,000000 0,100011
-0,970560 -0,240858 -0,000416 -22,522232 0,240858 -0,970560 0,000123 0,763240 -0,000433 0,000019 1,000000 0,100014
-0,970773 -0,239998 -0,000223 -22,849907 0,239998 -0,970773 0,000059 0,844271 -0,000231 0,000003 1,000000 0,100015
-0,970772 -0,240005 0,000170 -23,163425 0,240005 -0,970772 -0,000049 0,921725 0,000177 -0,000007 1,000000 0,100015
-0,970820 -0,239807 0,000509 -23,475870 0,239807 -0,970820 -0,000182 0,998827 0,000538 -0,000054 1,000000 0,100010
-0,970815 -0,239828 -0,000154 -23,804775 0,239828 -0,970815 0,000008 1,079925 -0,000152 -0,000030 1,000000 0,100014
-0,970970 -0,239203 0,000487 -24,132746 0,239203 -0,970970 -0,000180 1,160698 0,000516 -0,000058 1,000000 0,100004
-0,946110 0,323844 0,000680 -24,253056 -0,323844 -0,946110 0,000263 1,163642 0,000729 0,000029 1,000000 0,100002
-0,981499 0,191464 0,000769 -24,418495 -0,191464 -0,981500 0,000144 1,118289 0,000783 -0,000006 1,000000 0,100017
-0,981210 0,192940 -0,000743 -24,734837 -0,192940 -0,981210 -0,000167 1,056124 -0,000762 -0,000021 1,000000 0,100015
-0,981374 0,192106 -0,000141 -25,065786 -0,192106 -0,981374 -0,000037 0,991332 -0,000145 -0,000009 1,000000 0,100013
-0,981567 0,191116 -0,000247 -25,398006 -0,191116 -0,981567 -0,000071 0,926544 -0,000256 -0,000023 1,000000 0,100009
-0,981820 0,189815 -0,000062 -25,712955 -0,189815 -0,981820 -0,000024 0,865692 -0,000065 -0,000012 1,000000 0,100008
-0,982359 0,187004 -0,000139 -26,028946 -0,187004 -0,982359 -0,000033 0,805267 -0,000143 -0,000007 1,000000 0,100006
-0,982667 0,185379 0,000617 -26,359934 -0,185379 -0,982667 0,000116 0,742814 0,000628 -0,000000 1,000000 0,100004
-0,982958 0,183832 -0,000127 -26,708391 -0,183832 -0,982958 -0,000012 0,677423 -0,000127 0,000011 1,000000 0,100005
-0,983070 0,183230 0,000350 -27,023540 -0,183230 -0,983070 0,000073 0,618841 0,000358 0,000008 1,000000 0,100001
-0,983593 0,180399 0,000412 -27,340128 -0,180399 -0,983594 0,000086 0,560412 0,000421 0,000011 1,000000 0,100008
-0,983674 0,179959 -0,000673 -27,671556 -0,179959 -0,983674 -0,000123 0,499949 -0,000684 0,000000 1,000000 0,100010
-0,984128 0,177457 -0,000457 -27,988224 -0,177457 -0,984129 -0,000074 0,442549 -0,000463 0,000009 1,000000 0,100013
-0,984376 0,176080 0,000439 -28,303719 -0,176080 -0,984376 0,000099 0,386164 0,000449 0,000020 1,000000 0,100013
-0,447707 0,894180 -0,000137 -28,339949 -0,894180 -0,447707 -0,000402 0,379980 -0,000420 -0,000058 1,000000 0,100007
0,350712 0,936483 0,000180 -28,341867 -0,936483 0,350712 -0,000557 0,368732 -0,000585 0,000027 1,000000 0,100014
0,889982 0,455995 0,000699 -28,341862 -0,455995 0,889982 -0,000334 0,368720 -0,000774 -0,000022 1,000000 0,100016
0,999521 0,030935 -0,000069 -28,264139 -0,030935 0,999521 -0,000033 0,346573 0,000068 0,000035 1,000000 0,100006
0,984210 -0,177003 0,000749 -28,086060 0,177003 0,984210 0,000131 0,394005 -0,000760 0,000004 1,000000 0,100014
0,989814 -0,142362 -0,000670 -27,818495 0,142362 0,989815 -0,000094 0,431347 0,000676 -0,000002 1,000000 0,100018
0,990071 -0,140564 0,000620 -27,467144 0,140564 0,990072 0,000077 0,481501 -0,000625 0,000011 1,000000 0,100012
0,990284 -0,139061 -0,000046 -27,116102 0,139061 0,990284 -0,000004 0,530991 0,000047 -0,000003 1,000000 0,100008
0,990494 -0,137556 0,000170 -26,796570 0,137556 0,990494 0,000026 0,575656 -0,000172 -0,000002 1,000000 0,100006
0,990658 -0,136371 0,000387 -26,477440 0,136371 0,990658 0,000077 0,619790 -0,000394 -0,000023 1,000000 0,100001
0,991142 -0,132805 -0,000667 -26,127428 0,132805 0,991142 -0,000081 0,667353 0,000672 -0,000008 1,000000 0,100001
0,991386 -0,130969 -0,000689 -25,807840 0,130969 0,991387 -0,000094 0,709780 0,000695 0,000003 1,000000 0,100005
0,991764 -0,128077 -0,000634 -25,473063 0,128077 0,991764 -0,000068 0,753439 0,000638 -0,000014 1,000000 0,100006
0,992024 -0,126050 0,000454 -25,137894 0,126050 0,992024 0,000040 0,796211 -0,000456 0,000018 1,000000 0,100010
0,992223 -0,124474 0,000617 -24,786102 0,124474 0,992223 0,000087 0,840439 -0,000623 -0,000010 1,000000 0,100016
0,992413 -0,122950 0,000297 -24,466152 0,122950 0,992413 0,000028 0,880185 -0,000298 0,000009 1,000000 0,100017
0,992674 -0,120825 -0,000656 -24,114868 0,120825 0,992674 -0,000074 0,923090 0,000660 -0,000006 1,000000 0,100019
0,992918 -0,118798 -0,000276 -23,779230 0,118798 0,992918 -0,000032 0,963502 0,000277 -0,000001 1,000000 0,100019
0,993043 -0,117753 -0,000592 -23,442959 0,117753 0,993043 -0,000060 1,003454 0,000595 -0,000010 1,000000 0,100016
0,993289 -0,115663 0,000049 -23,075495 0,115663 0,993289 0,000004 1,046606 -0,000049 0,000002 1,000000 0,100008
0,993449 -0,114277 0,000214 -22,738922 0,114277 0,993449 0,000029 1,085382 -0,000215 -0,000004 1,000000 0,100004
0,993599 -0,112961 -0,000227 -22,386885 0,112961 0,993599 -0,000029 1,125502 0,000229 0,000003 1,000000 0,100003
0,993799 -0,111191 0,000052 -22,066908 0,111191 0,993799 0,000002 1,161459 -0,000052 0,000004 1,000000 0,100005
0,994208 -0,107473 -0,000675 -21,747807 0,107473 0,994208 -0,000076 1,196410 0,000679 0,000003 1,000000 0,100006
0,994360 -0,106054 -0,000275 -21,427048 0,106054 0,994360 -0,000058 1,230756 0,000280 0,000029 1,000000 0,100003
0,994604 -0,103740 0,000641 -21,075338 0,103740 0,994604 0,000079 1,267620 -0,000646 -0,000012 1,000000 0,100012
0,994754 -0,102294 0,000795 -20,722589 0,102294 0,994754 0,000071 1,303987 -0,000798 0,000011 1,000000 0,100017
0,995066 -0,099212 0,000112 -20,386675 0,099212 0,995066 0,000018 1,337778 -0,000113 -0,000007 1,000000 0,100018
0,995303 -0,096807 0,000048 -20,066475 0,096807 0,995303 -0,000009 1,369170 -0,000047 0,000014 1,000000 0,100017
0,995429 -0,095503 -0,000681 -19,713600 0,095503 0,995429 -0,000051 1,403244 0,000683 -0,000014 1,000000 0,100016
0,995594 -0,093768 0,000213 -19,376936 0,093768 0,995594 0,000023 1,435083 -0,000214 -0,000003 1,000000 0,100016
0,995705 -0,092580 -0,000442 -19,039944 0,092580 0,995705 -0,000030 1,466569 0,000443 -0,000011 1,000000 0,100011
0,995789 -0,091668 0,000677 -18,702435 0,091668 0,995790 0,000067 1,497714 -0,000680 -0,000004 1,000000 0,100009
0,938837 -0,344362 0,000693 -18,511765 0,344361 0,938837 0,000270 1,514432 -0,000744 -0,000014 1,000000 0,100016
0,354459 -0,935071 -0,000025 -18,525513 0,935071 0,354459 -0,000123 1,502354 0,000124 0,000020 1,000000 0,099999
0,369921 -0,929063 0,000208 -18,421436 0,929063 0,369921 0,000459 1,771823 -0,000504 0,000024 1,000000 0,100004
0,369875 -0,929081 0,000181 -18,296068 0,929081 0,369875 0,000449 2,086728 -0,000484 0,000002 1,000000 0,100002
0,368777 -0,929518 -0,000063 -18,171217 0,929518 0,368777 -0,000118 2,401408 0,000133 -0,000015 1,000000 0,100004
0,369673 -0,929162 0,000211 -18,047510 0,929162 0,369673 0,000584 2,714269 -0,000620 -0,000020 1,000000 0,100008
0,170998 -0,985271 -0,000077 -17,964170 0,985271 0,170998 -0,000547 2,924761 0,000552 0,000018 1,000000 0,100004
-0,194723 -0,980858 -0,000161 -17,995558 0,980858 -0,194723 0,000733 3,087207 -0,000750 -0,000015 1,000000 0,100012
0,211756 -0,977323 0,000115 -17,971561 0,977323 0,211756 0,000417 3,213278 -0,000432 0,000024 1,000000 0,100009
0,211393 -0,977401 0,000167 -17,900068 0,977401 0,211393 0,000676 3,543926 -0,000696 0,000020 1,000000 0,100004
0,211376 -0,977405 -0,000115 -17,826057 0,977405 0,211376 -0,000388 3,887976 0,000404 -0,000030 1,000000 0,100004
0,208899 -0,977937 -0,000071 -17,755224 0,977937 0,208899 -0,000025 4,217924 0,000039 -0,000065 1,000000 0,100004
0,209775 -0,977750 -0,000058 -17,688543 0,977750 0,209775 -0,000117 4,530723 0,000126 -0,000032 1,000000 0,100006
0,208683 -0,977983 -0,000055 -17,621336 0,977983 0,208683 -0,000153 4,845609 0,000161 -0,000022 1,000000 0,100011
0,209015 -0,977912 -0,000079 -17,552986 0,977912 0,209015 -0,000269 5,167051 0,000280 -0,000021 1,000000 0,100013
0,207578 -0,978219 -0,000164 -17,482775 0,978218 0,207578 -0,000601 5,497419 0,000621 -0,000035 1,000000 0,100015
0,207453 -0,978245 -0,000129 -17,416401 0,978245 0,207453 -0,000463 5,811000 0,000479 -0,000030 1,000000 0,100012
0,205769 -0,978601 -0,000204 -17,343616 0,978600 0,205769 -0,000512 6,156927 0,000543 -0,000094 1,000000 0,100009
-0,078239 -0,996935 -0,000038 -17,299250 0,996935 -0,078239 -0,000155 6,372316 0,000152 -0,000050 1,000000 0,100009
-0,198375 -0,980126 0,000062 -17,352646 0,980126 -0,198375 -0,000411 6,650127 0,000415 -0,000021 1,000000 0,100012
-0,198043 -0,980193 0,000063 -17,421515 0,980193 -0,198043 -0,000462 6,990328 0,000466 -0,000030 1,000000 0,100008
-0,195609 -0,980682 0,000093 -17,489456 0,980682 -0,195609 -0,000676 7,329476 0,000681 -0,000041 1,000000 0,100010
-0,194731 -0,980857 -0,000079 -17,558449 0,980857 -0,194731 0,000255 7,676589 -0,000266 -0,000028 1,000000 0,100014
-0,192963 -0,981206 -0,000043 -17,623995 0,981206 -0,192963 0,000211 8,008609 -0,000216 -0,000001 1,000000 0,100014
-0,191123 -0,981566 0,000042 -17,688644 0,981566 -0,191123 -0,000084 8,339475 0,000091 0,000025 1,000000 0,100014
-0,189580 -0,981865 0,000041 -17,749792 0,981865 -0,189580 -0,000094 8,655708 0,000100 0,000022 1,000000 0,100014
-0,188731 -0,982029 0,000156 -17,810753 0,982029 -0,188731 -0,000545 8,972334 0,000565 0,000051 1,000000 0,100010
-0,187881 -0,982192 0,000161 -17,877367 0,982192 -0,187881 -0,000557 9,320353 0,000577 0,000054 1,000000 0,100010
-0,185593 -0,982627 0,000173 -17,937279 0,982626 -0,185593 -0,000626 9,636600 0,000648 0,000054 1,000000 0,100010
-0,183650 -0,982992 0,000122 -17,999487 0,982992 -0,183650 -0,000399 9,968252 0,000414 0,000047 1,000000 0,100011
-0,180649 -0,983548 0,000000 -18,063725 0,983548 -0,180649 -0,000032 10,316228 0,000032 -0,000006 1,000000 0,100011
-0,179480 -0,983762 -0,000042 -18,124197 0,983762 -0,179480 0,000243 10,648018 -0,000246 0,000002 1,000000 0,100010
0,273827 -0,961779 0,000231 -18,155022 0,961779 0,273827 0,000735 10,817261 -0,000770 0,000021 1,000000 0,100016
0,704106 -0,710095 -0,000096 -18,042324 0,710095 0,704106 -0,000141 10,934742 0,000168 0,000031 1,000000 0,099999
0,703591 -0,710606 -0,000347 -17,833361 0,710605 0,703591 -0,000317 11,147131 0,000469 -0,000024 1,000000 0,099971
0,710682 -0,703513 -0,000555 -17,615362 0,703513 0,710682 -0,000598 11,368196 0,000815 0,000034 1,000000 0,099959
0,709709 -0,704495 -0,000553 -17,380194 0,704495 0,709709 -0,000585 11,601837 0,000805 0,000025 1,000000 0,099975
0,811623 -0,584181 0,000578 -17,232883 0,584180 0,811624 0,000439 11,749340 -0,000726 -0,000019 1,000000 0,100012
0,977947 -0,208850 0,000593 -17,109526 0,208850 0,977948 0,000104 11,772740 -0,000602 0,000023 1,000000 0,100009
0,993170 0,116677 -0,000759 -16,954268 -0,116677 0,993170 0,000092 11,790524 0,000764 -0,000003 1,000000 0,100014
0,991023 0,133688 -0,000182 -16,638344 -0,133688 0,991023 -0,000009 11,748368 0,000180 0,000033 1,000000 0,100013
0,991160 0,132674 -0,000145 -16,303009 -0,132674 0,991160 0,000026 11,703472 0,000147 -0,000006 1,000000 0,100015
0,977245 -0,212114 -0,000677 -16,158375 0,212113 0,977245 -0,000174 11,693416 0,000699 0,000026 1,000000 0,100005
0,964978 -0,262329 -0,000636 -15,840192 0,262329 0,964978 -0,000315 11,778943 0,000696 0,000137 1,000000 0,099998
0,965083 -0,261943 -0,000464 -15,513866 0,261943 0,965083 -0,000109 11,867553 0,000477 -0,000016 1,000000 0,100000
0,965559 -0,260184 -0,000327 -15,203245 0,260184 0,965559 -0,000065 11,951468 0,000333 -0,000022 1,000000 0,100004
0,965809 -0,259253 0,000374 -14,860950 0,259253 0,965810 0,000130 12,043476 -0,000395 -0,000028 1,000000 0,100012
0,966501 -0,256663 0,000316 -14,550912 0,256663 0,966501 0,000137 12,125912 -0,000341 -0,000051 1,000000 0,100008
0,966609 -0,256257 -0,000005 -14,239431 0,256257 0,966609 0,000023 12,208433 -0,000002 -0,000024 1,000000 0,100014
0,967080 -0,254470 -0,000605 -13,928436 0,254470 0,967081 -0,000166 12,290427 0,000627 0,000007 1,000000 0,100008
0,967602 -0,252481 -0,000338 -13,571159 0,252481 0,967602 -0,000102 12,384075 0,000353 0,000013 1,000000 0,100016
0,971362 -0,237605 0,000114 -13,251128 0,237605 0,971362 0,000047 12,466627 -0,000122 -0,000018 1,000000 0,100016
0,798434 0,602082 0,000587 -13,229916 -0,602082 0,798434 -0,000404 12,462279 -0,000711 -0,000031 1,000000 0,100006
0,307952 0,951402 -0,000226 -13,201267 -0,951402 0,307953 0,000462 12,380073 0,000509 0,000073 1,000000 0,100011
0,307886 0,951423 0,000099 -13,102357 -0,951423 0,307886 -0,000417 12,074274 -0,000427 0,000034 1,000000 0,100013
0,307157 0,951659 0,000219 -12,998369 -0,951659 0,307157 -0,000722 11,752047 -0,000755 0,000013 1,000000 0,100017
0,306788 0,951778 -0,000025 -12,899307 -0,951778 0,306788 0,000028 11,444834 0,000035 0,000015 1,000000 0,100009
0,305972 0,952040 -0,000108 -12,800764 -0,952040 0,305972 0,000321 11,138202 0,000338 0,000004 1,000000 0,100018
0,304518 0,952506 -0,000378 -12,702724 -0,952506 0,304519 0,000674 10,832443 0,000757 0,000154 1,000000 0,100006
0,304313 0,952572 0,000024 -12,599803 -0,952572 0,304313 -0,000038 10,510203 -0,000044 -0,000011 1,000000 0,100017
0,208661 0,977988 -0,000008 -12,551653 -0,977988 0,208661 -0,000283 10,316998 -0,000275 0,000067 1,000000 0,100011
0,044169 0,999024 0,000010 -12,542243 -0,999024 0,044169 0,000125 10,094009 0,000124 -0,000015 1,000000 0,100016
0,043624 0,999048 0,000016 -12,528222 -0,999048 0,043624 -0,000166 9,771797 -0,000167 -0,000009 1,000000 0,100015
0,042802 0,999084 -0,000031 -12,514344 -0,999083 0,042802 0,000471 9,449586 0,000472 0,000011 1,000000 0,100013
0,042305 0,999105 0,000002 -12,500013 -0,999105 0,042305 -0,000479 9,110888 -0,000478 0,000018 1,000000 0,100016
0,041646 0,999132 -0,000005 -12,486527 -0,999132 0,041646 -0,000501 8,788343 -0,000501 0,000026 1,000000 0,100014
0,041231 0,999150 -0,000022 -12,473199 -0,999150 0,041231 -0,000161 8,465769 -0,000160 0,000028 1,000000 0,100014
0,040503 0,999179 -0,000080 -12,458745 -0,999179 0,040503 0,000631 8,111182 0,000633 0,000055 1,000000 0,100010
0,039881 0,999204 -0,000064 -12,445830 -0,999204 0,039881 0,000488 7,788888 0,000490 0,000045 1,000000 0,100008
0,039406 0,999223 -0,000072 -12,433049 -0,999223 0,039406 0,000581 7,465889 0,000583 0,000049 1,000000 0,100010
0,038704 0,999251 0,000019 -12,418604 -0,999251 0,038704 -0,000561 7,095238 -0,000561 0,000003 1,000000 0,100012
0,038254 0,999268 -0,000003 -12,406231 -0,999268 0,038254 0,000262 6,772735 0,000262 -0,000007 1,000000 0,100012
0,038092 0,999274 0,000034 -12,393957 -0,999274 0,038092 -0,000180 6,450254 -0,000182 -0,000027 1,000000 0,100011
0,037710 0,999289 0,000026 -12,381155 -0,999289 0,037710 0,000266 6,111557 0,000265 -0,000036 1,000000 0,100011
0,037463 0,999298 0,000036 -12,369089 -0,999298 0,037463 0,000429 5,789025 0,000427 -0,000052 1,000000 0,100008
0,036967 0,999316 0,000062 -12,356544 -0,999316 0,036967 -0,000274 5,450360 -0,000276 -0,000052 1,000000 0,100010
0,036285 0,999341 0,000042 -12,344728 -0,999341 0,036285 -0,000212 5,127768 -0,000214 -0,000034 1,000000 0,100009
0,035809 0,999359 0,000074 -12,332517 -0,999358 0,035809 -0,000585 4,788513 -0,000588 -0,000053 1,000000 0,100010
0,035147 0,999382 0,000009 -12,319959 -0,999382 0,035147 -0,000072 4,434186 -0,000073 -0,000006 1,000000 0,100016
0,034777 0,999395 -0,000013 -12,308730 -0,999395 0,034777 0,000416 4,111660 0,000417 -0,000001 1,000000 0,100015
0,034066 0,999420 -0,000012 -12,297692 -0,999420 0,034066 0,000080 3,789157 0,000080 0,000010 1,000000 0,100015
0,033562 0,999437 -0,000037 -12,286272 -0,999437 0,033562 0,000326 3,450472 0,000327 0,000026 1,000000 0,100015
0,033055 0,999454 -0,000043 -12,275033 -0,999453 0,033055 -0,000452 3,111350 -0,000451 0,000057 1,000000 0,100010
0,033080 0,999453 -0,000058 -12,264440 -0,999453 0,033080 0,000509 2,788954 0,000511 0,000041 1,000000 0,100012
0,032625 0,999468 -0,000065 -12,253858 -0,999468 0,032625 0,000108 2,466032 0,000110 0,000061 1,000000 0,100009
0,533456 0,845828 -0,000396 -12,230234 -0,845827 0,533456 0,000781 2,387998 0,000872 -0,000081 1,000000 0,099981
0,545587 0,838054 0,000428 -12,041898 -0,838054 0,545588 -0,000646 2,098989 -0,000774 -0,000006 1,000000 0,100016
0,552777 0,833329 0,000085 -11,862208 -0,833329 0,552777 -0,000140 1,822645 -0,000163 0,000007 1,000000 0,100016
0,967637 0,252345 -0,000734 -11,845139 -0,252345 0,967637 0,000237 1,817546 0,000770 -0,000044 1,000000 0,100003
0,949820 0,312797 0,000053 -11,560332 -0,312797 0,949820 -0,000053 1,726085 -0,000067 0,000034 1,000000 0,100012
0,949739 0,313042 0,000470 -11,238933 -0,313042 0,949739 -0,000183 1,620306 -0,000504 0,000027 1,000000 0,100014
0,949793 0,312880 -0,000131 -10,932685 -0,312880 0,949793 0,000040 1,519420 0,000137 0,000003 1,000000 0,100012
0,949984 0,312299 0,000724 -10,627505 -0,312299 0,949984 -0,000260 1,419256 -0,000769 0,000021 1,000000 0,100016
0,950191 0,311667 -0,000755 -10,320853 -0,311667 0,950191 0,000330 1,318485 0,000821 -0,000078 1,000000 0,099999
0,950258 0,311463 0,000372 -9,999382 -0,311463 0,950258 -0,000130 1,213203 -0,000394 0,000008 1,000000 0,100018
0,950337 0,311221 -0,000560 -9,677584 -0,311221 0,950338 0,000244 1,107897 0,000608 -0,000057 1,000000 0,100014
0,950620 0,310356 0,000743 -9,341307 -0,310356 0,950620 -0,000240 0,998251 -0,000781 -0,000003 1,000000 0,100014
0,950679 0,310177 -0,000207 -9,003861 -0,310177 0,950679 0,000109 0,888130 0,000231 -0,000040 1,000000 0,100010
0,950727 0,310029 -0,000129 -8,682364 -0,310029 0,950727 0,000082 0,783368 0,000148 -0,000038 1,000000 0,100009
0,951292 0,308290 -0,000119 -8,377343 -0,308290 0,951292 0,000072 0,684439 0,000136 -0,000032 1,000000 0,100007
0,951423 0,307887 0,000512 -8,039526 -0,307887 0,951423 -0,000166 0,575111 -0,000538 0,000001 1,000000 0,100002
0,951604 0,307328 -0,000018 -7,717311 -0,307328 0,951604 -0,000024 0,471139 0,000010 0,000029 1,000000 0,100006
0,951731 0,306933 -0,000157 -7,395710 -0,306933 0,951731 0,000014 0,367416 0,000153 0,000035 1,000000 0,100010
0,952093 0,305809 0,000075 -7,089457 -0,305809 0,952093 -0,000064 0,269073 -0,000091 0,000038 1,000000 0,100009
0,952140 0,305660 -0,000766 -6,751171 -0,305660 0,952141 0,000367 0,160425 0,000841 -0,000115 1,000000 0,100000
0,952110 0,305755 -0,000451 -6,429151 -0,305755 0,952110 0,000127 0,057187 0,000469 0,000017 1,000000 0,100017
0,952405 0,304834 -0,000769 -6,106788 -0,304834 0,952406 0,000360 -0,046240 0,000842 -0,000109 1,000000 0,100001
0,989396 0,145244 0,000331 -5,867004 -0,145244 0,989396 -0,000050 -0,121789 -0,000335 0,000001 1,000000 0,100015
0,994113 -0,108352 0,000316 -5,642244 0,108352 0,994113 0,000027 -0,099422 -0,000317 0,000007 1,000000 0,100006
0,994193 -0,107607 0,000578 -5,322076 0,107607 0,994194 0,000061 -0,064724 -0,000582 0,000001 1,000000 0,100005
0,995830 -0,091231 0,000437 -5,064194 0,091231 0,995830 0,000005 -0,040269 -0,000435 0,000034 1,000000 0,100007
0,995997 -0,089384 -0,000200 -4,727558 0,089384 0,995997 -0,000037 -0,009909 0,000203 0,000019 1,000000 0,100006
0,996207 -0,087015 0,000042 -4,390686 0,087015 0,996207 0,000008 0,019651 -0,000043 -0,000005 1,000000 0,100006
0,996248 -0,086539 0,000353 -4,052984 0,086539 0,996248 0,000056 0,048984 -0,000357 -0,000025 1,000000 0,100002
0,996346 -0,085409 0,000254 -3,699952 0,085409 0,996346 0,000057 0,079323 -0,000258 -0,000036 1,000000 0,100010
0,996365 -0,085186 0,000397 -3,361952 0,085186 0,996365 0,000056 0,108235 -0,000401 -0,000022 1,000000 0,100016
0,996465 -0,084002 -0,000727 -3,041210 0,084002 0,996466 -0,000039 0,135310 0,000728 -0,000023 1,000000 0,100015
0,996602 -0,082370 -0,000457 -2,703859 0,082370 0,996602 -0,000032 0,163373 0,000458 -0,000005 1,000000 0,100017
0,996732 -0,080775 -0,000728 -2,367086 0,080775 0,996732 -0,000055 0,190732 0,000730 -0,000004 1,000000 0,100019
0,996782 -0,080164 0,000001 -2,029056 0,080164 0,996782 -0,000012 0,217956 -0,000000 0,000012 1,000000 0,100017
0,996861 -0,079176 0,000243 -1,707395 0,079176 0,996861 0,000009 0,243618 -0,000243 0,000010 1,000000 0,100018
0,996954 -0,077996 -0,000384 -1,386097 0,077996 0,996954 -0,000048 0,268884 0,000386 0,000018 1,000000 0,100016
0,997019 -0,077152 -0,000409 -1,065423 0,077152 0,997019 -0,000038 0,293609 0,000411 0,000006 1,000000 0,100016
0,997153 -0,075400 -0,000511 -0,728141 0,075400 0,997153 -0,000064 0,319286 0,000515 0,000026 1,000000 0,100014
0,997261 -0,073961 -0,000686 -0,391043 0,073961 0,997261 -0,000076 0,344360 0,000690 0,000025 1,000000 0,100011
0,997393 -0,072163 -0,000302 -0,069849 0,072163 0,997393 -0,000046 0,367866 0,000305 0,000025 1,000000 0,100008
0,997441 -0,071500 -0,000324 0,251218 0,071500 0,997441 -0,000049 0,390880 0,000327 0,000026 1,000000 0,100008
0,998171 0,060450 0,000713 0,529163 -0,060450 0,998171 -0,000051 0,410469 -0,000715 0,000008 1,000000 0,100013
0,566662 0,823950 0,000247 0,514863 -0,823950 0,566662 -0,000305 0,416045 -0,000391 -0,000031 1,000000 0,100010
-0,391378 0,920230 -0,000332 0,513732 -0,920230 -0,391378 -0,000638 0,412772 -0,000717 0,000055 1,000000 0,100012
-0,926926 0,375245 0,000692 0,479478 -0,375245 -0,926926 0,000310 0,391135 0,000758 0,000028 1,000000 0,099995
-0,988016 0,154350 -0,000635 0,314561 -0,154350 -0,988016 -0,000079 0,320196 -0,000639 0,000020 1,000000 0,100012
-0,999250 0,038715 -0,000726 0,317688 -0,038715 -0,999250 0,000008 0,320499 -0,000725 0,000036 1,000000 0,100006
